1 1

1 1
2 1

2 1
3 1

3 1
4 1

4 1
5 1

5 1
6 1

6 1
7 1

7 1
8 1

8 1
9 1

9 1
10 1

10 1
11 1

11 1
12 1

12 1
13 1

13 1
14 1

14 1
15 1

15 1
16 1

16 1
17 1

17 1
18 1

18 1
19 1

19 1
20 1

20 1
21 1

21 1
22 1

22 1
23 1

23 1
24 1

24 1
25 1

25 1
26 1

26 1
27 1

27 1
28 1

28 1
29 1

29 1
30 1

30 1
31 0.9

31 0.9
32 0.9

32 0.9
33 0.9

33 0.9
34 0.9

34 0.9
35 0.9

35 0.9
36 0.9

36 0.9
37 0.9

37 0.9
38 0.9

38 0.9
39 0.9

39 0.9
40 0.9

40 0.9
41 0.81

41 0.81
42 0.81

42 0.81
43 0.81

43 0.81
44 0.81

44 0.81
45 0.81

45 0.81
46 0.81

46 0.81
47 0.81

47 0.81
48 0.81

48 0.81
49 0.81

49 0.81
50 0.81

50 0.81
51 0.81

51 0.81
52 0.7290000000000001

52 0.7290000000000001
53 0.7290000000000001

53 0.7290000000000001
54 0.7290000000000001

54 0.7290000000000001
55 0.7290000000000001

55 0.7290000000000001
56 0.7290000000000001

56 0.7290000000000001
57 0.7290000000000001

57 0.7290000000000001
58 0.7290000000000001

58 0.7290000000000001
59 0.7290000000000001

59 0.7290000000000001
60 0.7290000000000001

60 0.7290000000000001
61 0.7290000000000001

61 0.7290000000000001
62 0.7290000000000001

62 0.7290000000000001
63 0.7290000000000001

63 0.7290000000000001
64 0.6561000000000001

64 0.6561000000000001
65 0.6561000000000001

65 0.6561000000000001
66 0.6561000000000001

66 0.6561000000000001
67 0.6561000000000001

67 0.6561000000000001
68 0.6561000000000001

68 0.6561000000000001
69 0.6561000000000001

69 0.6561000000000001
70 0.6561000000000001

70 0.6561000000000001
71 0.6561000000000001

71 0.6561000000000001
72 0.6561000000000001

72 0.6561000000000001
73 0.6561000000000001

73 0.6561000000000001
74 0.6561000000000001

74 0.6561000000000001
75 0.6561000000000001

75 0.6561000000000001
76 0.6561000000000001

76 0.6561000000000001
77 0.5904900000000002

77 0.5904900000000002
78 0.5904900000000002

78 0.5904900000000002
79 0.5904900000000002

79 0.5904900000000002
80 0.5904900000000002

80 0.5904900000000002
81 0.5904900000000002

81 0.5904900000000002
82 0.5904900000000002

82 0.5904900000000002
83 0.5904900000000002

83 0.5904900000000002
84 0.5904900000000002

84 0.5904900000000002
85 0.5904900000000002

85 0.5904900000000002
86 0.5904900000000002

86 0.5904900000000002
87 0.5904900000000002

87 0.5904900000000002
88 0.5904900000000002

88 0.5904900000000002
89 0.5904900000000002

89 0.5904900000000002
90 0.5904900000000002

90 0.5904900000000002
91 0.5314410000000002

91 0.5314410000000002
92 0.5314410000000002

92 0.5314410000000002
93 0.5314410000000002

93 0.5314410000000002
94 0.5314410000000002

94 0.5314410000000002
95 0.5314410000000002

95 0.5314410000000002
96 0.5314410000000002

96 0.5314410000000002
97 0.5314410000000002

97 0.5314410000000002
98 0.5314410000000002

98 0.5314410000000002
99 0.5314410000000002

99 0.5314410000000002
100 0.47829690000000014

100 0.47829690000000014
101 0.47829690000000014

101 0.47829690000000014
102 0.47829690000000014

102 0.47829690000000014
103 0.47829690000000014

103 0.47829690000000014
104 0.47829690000000014

104 0.47829690000000014
105 0.47829690000000014

105 0.47829690000000014
106 0.47829690000000014

106 0.47829690000000014
107 0.47829690000000014

107 0.47829690000000014
108 0.47829690000000014

108 0.47829690000000014
109 0.47829690000000014

109 0.47829690000000014
110 0.47829690000000014

110 0.47829690000000014
111 0.47829690000000014

111 0.47829690000000014
112 0.47829690000000014

112 0.47829690000000014
113 0.47829690000000014

113 0.47829690000000014
114 0.47829690000000014

114 0.47829690000000014
115 0.47829690000000014

115 0.47829690000000014
116 0.47829690000000014

116 0.47829690000000014
117 0.47829690000000014

117 0.47829690000000014
118 0.47829690000000014

118 0.47829690000000014
119 0.43046721000000016

119 0.43046721000000016
120 0.43046721000000016

120 0.43046721000000016
121 0.43046721000000016

121 0.43046721000000016
122 0.43046721000000016

122 0.43046721000000016
123 0.43046721000000016

123 0.43046721000000016
124 0.43046721000000016

124 0.43046721000000016
125 0.43046721000000016

125 0.43046721000000016
126 0.43046721000000016

126 0.43046721000000016
127 0.43046721000000016

127 0.43046721000000016
128 0.43046721000000016

128 0.43046721000000016
129 0.43046721000000016

129 0.43046721000000016
130 0.43046721000000016

130 0.43046721000000016
131 0.43046721000000016

131 0.43046721000000016
132 0.43046721000000016

132 0.43046721000000016
133 0.43046721000000016

133 0.43046721000000016
134 0.43046721000000016

134 0.43046721000000016
135 0.43046721000000016

135 0.43046721000000016
136 0.43046721000000016

136 0.43046721000000016
137 0.43046721000000016

137 0.43046721000000016
138 0.43046721000000016

138 0.43046721000000016
139 0.43046721000000016

139 0.43046721000000016
140 0.43046721000000016

140 0.43046721000000016
141 0.43046721000000016

141 0.43046721000000016
142 0.43046721000000016

142 0.43046721000000016
143 0.43046721000000016

143 0.43046721000000016
144 0.43046721000000016

144 0.43046721000000016
145 0.43046721000000016

145 0.43046721000000016
146 0.43046721000000016

146 0.43046721000000016
147 0.43046721000000016

147 0.43046721000000016
148 0.47781860310000024

148 0.47781860310000024
149 0.47781860310000024

149 0.47781860310000024
150 0.47781860310000024

150 0.47781860310000024
151 0.47781860310000024

151 0.47781860310000024
152 0.47781860310000024

152 0.47781860310000024
153 0.47781860310000024

153 0.47781860310000024
154 0.47781860310000024

154 0.47781860310000024
155 0.47781860310000024

155 0.47781860310000024
156 0.47781860310000024

156 0.47781860310000024
157 0.47781860310000024

157 0.47781860310000024
158 0.47781860310000024

158 0.47781860310000024
159 0.47781860310000024

159 0.47781860310000024
160 0.47781860310000024

160 0.47781860310000024
161 0.47781860310000024

161 0.47781860310000024
162 0.47781860310000024

162 0.47781860310000024
163 0.47781860310000024

163 0.47781860310000024
164 0.47781860310000024

164 0.47781860310000024
165 0.47781860310000024

165 0.47781860310000024
166 0.47781860310000024

166 0.47781860310000024
167 0.47781860310000024

167 0.47781860310000024
168 0.47781860310000024

168 0.47781860310000024
169 0.5303786494410003

169 0.5303786494410003
170 0.5303786494410003

170 0.5303786494410003
171 0.5303786494410003

171 0.5303786494410003
172 0.5303786494410003

172 0.5303786494410003
173 0.5303786494410003

173 0.5303786494410003
174 0.5303786494410003

174 0.5303786494410003
175 0.5303786494410003

175 0.5303786494410003
176 0.5303786494410003

176 0.5303786494410003
177 0.5303786494410003

177 0.5303786494410003
178 0.5303786494410003

178 0.5303786494410003
179 0.5303786494410003

179 0.5303786494410003
180 0.5303786494410003

180 0.5303786494410003
181 0.5303786494410003

181 0.5303786494410003
182 0.5303786494410003

182 0.5303786494410003
183 0.5303786494410003

183 0.5303786494410003
184 0.5303786494410003

184 0.5303786494410003
185 0.5303786494410003

185 0.5303786494410003
186 0.5303786494410003

186 0.5303786494410003
187 0.4773407844969003

187 0.4773407844969003
188 0.4773407844969003

188 0.4773407844969003
189 0.4773407844969003

189 0.4773407844969003
190 0.4773407844969003

190 0.4773407844969003
191 0.4773407844969003

191 0.4773407844969003
192 0.4773407844969003

192 0.4773407844969003
193 0.4773407844969003

193 0.4773407844969003
194 0.4773407844969003

194 0.4773407844969003
195 0.4773407844969003

195 0.4773407844969003
196 0.4773407844969003

196 0.4773407844969003
197 0.4773407844969003

197 0.4773407844969003
198 0.4773407844969003

198 0.4773407844969003
199 0.4773407844969003

199 0.4773407844969003
200 0.4773407844969003

200 0.4773407844969003
201 0.4773407844969003

201 0.4773407844969003
202 0.4773407844969003

202 0.4773407844969003
203 0.4773407844969003

203 0.4773407844969003
204 0.4773407844969003

204 0.4773407844969003
205 0.4773407844969003

205 0.4773407844969003
206 0.4773407844969003

206 0.4773407844969003
207 0.4773407844969003

207 0.4773407844969003
208 0.4773407844969003

208 0.4773407844969003
209 0.5298482707915594

209 0.5298482707915594
210 0.5298482707915594

210 0.5298482707915594
211 0.5298482707915594

211 0.5298482707915594
212 0.5298482707915594

212 0.5298482707915594
213 0.5298482707915594

213 0.5298482707915594
214 0.5298482707915594

214 0.5298482707915594
215 0.5298482707915594

215 0.5298482707915594
216 0.5298482707915594

216 0.5298482707915594
217 0.5298482707915594

217 0.5298482707915594
218 0.5298482707915594

218 0.5298482707915594
219 0.5298482707915594

219 0.5298482707915594
220 0.5298482707915594

220 0.5298482707915594
221 0.5298482707915594

221 0.5298482707915594
222 0.5298482707915594

222 0.5298482707915594
223 0.5298482707915594

223 0.5298482707915594
224 0.5298482707915594

224 0.5298482707915594
225 0.5298482707915594

225 0.5298482707915594
226 0.5298482707915594

226 0.5298482707915594
227 0.47686344371240347

227 0.47686344371240347
228 0.47686344371240347

228 0.47686344371240347
229 0.47686344371240347

229 0.47686344371240347
230 0.47686344371240347

230 0.47686344371240347
231 0.47686344371240347

231 0.47686344371240347
232 0.47686344371240347

232 0.47686344371240347
233 0.47686344371240347

233 0.47686344371240347
234 0.47686344371240347

234 0.47686344371240347
235 0.47686344371240347

235 0.47686344371240347
236 0.47686344371240347

236 0.47686344371240347
237 0.47686344371240347

237 0.47686344371240347
238 0.47686344371240347

238 0.47686344371240347
239 0.4291770993411631

239 0.4291770993411631
240 0.4291770993411631

240 0.4291770993411631
241 0.4291770993411631

241 0.4291770993411631
242 0.4291770993411631

242 0.4291770993411631
243 0.4291770993411631

243 0.4291770993411631
244 0.4291770993411631

244 0.4291770993411631
245 0.4291770993411631

245 0.4291770993411631
246 0.4291770993411631

246 0.4291770993411631
247 0.4291770993411631

247 0.4291770993411631
248 0.4291770993411631

248 0.4291770993411631
249 0.4291770993411631

249 0.4291770993411631
250 0.4291770993411631

250 0.4291770993411631
251 0.4291770993411631

251 0.4291770993411631
252 0.4291770993411631

252 0.4291770993411631
253 0.4291770993411631

253 0.4291770993411631
254 0.4291770993411631

254 0.4291770993411631
255 0.4291770993411631

255 0.4291770993411631
256 0.4291770993411631

256 0.4291770993411631
257 0.4291770993411631

257 0.4291770993411631
258 0.4291770993411631

258 0.4291770993411631
259 0.4291770993411631

259 0.4291770993411631
260 0.4291770993411631

260 0.4291770993411631
261 0.4291770993411631

261 0.4291770993411631
262 0.4291770993411631

262 0.4291770993411631
263 0.4291770993411631

263 0.4291770993411631
264 0.4291770993411631

264 0.4291770993411631
265 0.4291770993411631

265 0.4291770993411631
266 0.4291770993411631

266 0.4291770993411631
267 0.4291770993411631

267 0.4291770993411631
268 0.4291770993411631

268 0.4291770993411631
269 0.4291770993411631

269 0.4291770993411631
270 0.4763865802686911

270 0.4763865802686911
271 0.4763865802686911

271 0.4763865802686911
272 0.4763865802686911

272 0.4763865802686911
273 0.4763865802686911

273 0.4763865802686911
274 0.4763865802686911

274 0.4763865802686911
275 0.4763865802686911

275 0.4763865802686911
276 0.4763865802686911

276 0.4763865802686911
277 0.4763865802686911

277 0.4763865802686911
278 0.4763865802686911

278 0.4763865802686911
279 0.4763865802686911

279 0.4763865802686911
280 0.4763865802686911

280 0.4763865802686911
281 0.4763865802686911

281 0.4763865802686911
282 0.4763865802686911

282 0.4763865802686911
283 0.4763865802686911

283 0.4763865802686911
284 0.4763865802686911

284 0.4763865802686911
285 0.4763865802686911

285 0.4763865802686911
286 0.4763865802686911

286 0.4763865802686911
287 0.4763865802686911

287 0.4763865802686911
288 0.4763865802686911

288 0.4763865802686911
289 0.4763865802686911

289 0.4763865802686911
290 0.4763865802686911

290 0.4763865802686911
291 0.5287891040982471

291 0.5287891040982471
292 0.5287891040982471

292 0.5287891040982471
293 0.5287891040982471

293 0.5287891040982471
294 0.5287891040982471

294 0.5287891040982471
295 0.5287891040982471

295 0.5287891040982471
296 0.5287891040982471

296 0.5287891040982471
297 0.5287891040982471

297 0.5287891040982471
298 0.5287891040982471

298 0.5287891040982471
299 0.5287891040982471

299 0.5287891040982471
300 0.5287891040982471

300 0.5287891040982471
301 0.5287891040982471

301 0.5287891040982471
302 0.5287891040982471

302 0.5287891040982471
303 0.5287891040982471

303 0.5287891040982471
304 0.5287891040982471

304 0.5287891040982471
305 0.5287891040982471

305 0.5287891040982471
306 0.5287891040982471

306 0.5287891040982471
307 0.5287891040982471

307 0.5287891040982471
308 0.4759101936884224

308 0.4759101936884224
309 0.4759101936884224

309 0.4759101936884224
310 0.4759101936884224

310 0.4759101936884224
311 0.4759101936884224

311 0.4759101936884224
312 0.4759101936884224

312 0.4759101936884224
313 0.4759101936884224

313 0.4759101936884224
314 0.4759101936884224

314 0.4759101936884224
315 0.4759101936884224

315 0.4759101936884224
316 0.4759101936884224

316 0.4759101936884224
317 0.4759101936884224

317 0.4759101936884224
318 0.4759101936884224

318 0.4759101936884224
319 0.4759101936884224

319 0.4759101936884224
320 0.4759101936884224

320 0.4759101936884224
321 0.4759101936884224

321 0.4759101936884224
322 0.4759101936884224

322 0.4759101936884224
323 0.4759101936884224

323 0.4759101936884224
324 0.4759101936884224

324 0.4759101936884224
325 0.4759101936884224

325 0.4759101936884224
326 0.4759101936884224

326 0.4759101936884224
327 0.42831917431958016

327 0.42831917431958016
328 0.42831917431958016

328 0.42831917431958016
329 0.42831917431958016

329 0.42831917431958016
330 0.42831917431958016

330 0.42831917431958016
331 0.42831917431958016

331 0.42831917431958016
332 0.42831917431958016

332 0.42831917431958016
333 0.42831917431958016

333 0.42831917431958016
334 0.42831917431958016

334 0.42831917431958016
335 0.42831917431958016

335 0.42831917431958016
336 0.42831917431958016

336 0.42831917431958016
337 0.42831917431958016

337 0.42831917431958016
338 0.42831917431958016

338 0.42831917431958016
339 0.42831917431958016

339 0.42831917431958016
340 0.42831917431958016

340 0.42831917431958016
341 0.42831917431958016

341 0.42831917431958016
342 0.42831917431958016

342 0.42831917431958016
343 0.42831917431958016

343 0.42831917431958016
344 0.42831917431958016

344 0.42831917431958016
345 0.38548725688762214

345 0.38548725688762214
346 0.38548725688762214

346 0.38548725688762214
347 0.38548725688762214

347 0.38548725688762214
348 0.38548725688762214

348 0.38548725688762214
349 0.38548725688762214

349 0.38548725688762214
350 0.38548725688762214

350 0.38548725688762214
351 0.38548725688762214

351 0.38548725688762214
352 0.38548725688762214

352 0.38548725688762214
353 0.38548725688762214

353 0.38548725688762214
354 0.38548725688762214

354 0.38548725688762214
355 0.38548725688762214

355 0.38548725688762214
356 0.38548725688762214

356 0.38548725688762214
357 0.38548725688762214

357 0.38548725688762214
358 0.38548725688762214

358 0.38548725688762214
359 0.38548725688762214

359 0.38548725688762214
360 0.38548725688762214

360 0.38548725688762214
361 0.38548725688762214

361 0.38548725688762214
362 0.38548725688762214

362 0.38548725688762214
363 0.38548725688762214

363 0.38548725688762214
364 0.38548725688762214

364 0.38548725688762214
365 0.38548725688762214

365 0.38548725688762214
366 0.38548725688762214

366 0.38548725688762214
367 0.38548725688762214

367 0.38548725688762214
368 0.38548725688762214

368 0.38548725688762214
369 0.38548725688762214

369 0.38548725688762214
370 0.4278908551452606

370 0.4278908551452606
371 0.4278908551452606

371 0.4278908551452606
372 0.4278908551452606

372 0.4278908551452606
373 0.4278908551452606

373 0.4278908551452606
374 0.4278908551452606

374 0.4278908551452606
375 0.4278908551452606

375 0.4278908551452606
376 0.4278908551452606

376 0.4278908551452606
377 0.4278908551452606

377 0.4278908551452606
378 0.4278908551452606

378 0.4278908551452606
379 0.4278908551452606

379 0.4278908551452606
380 0.4278908551452606

380 0.4278908551452606
381 0.4278908551452606

381 0.4278908551452606
382 0.4278908551452606

382 0.4278908551452606
383 0.4278908551452606

383 0.4278908551452606
384 0.4278908551452606

384 0.4278908551452606
385 0.4278908551452606

385 0.4278908551452606
386 0.4278908551452606

386 0.4278908551452606
387 0.4278908551452606

387 0.4278908551452606
388 0.4278908551452606

388 0.4278908551452606
389 0.4278908551452606

389 0.4278908551452606
390 0.4278908551452606

390 0.4278908551452606
391 0.4278908551452606

391 0.4278908551452606
392 0.4278908551452606

392 0.4278908551452606
393 0.4278908551452606

393 0.4278908551452606
394 0.4278908551452606

394 0.4278908551452606
395 0.4278908551452606

395 0.4278908551452606
396 0.4278908551452606

396 0.4278908551452606
397 0.4278908551452606

397 0.4278908551452606
398 0.4278908551452606

398 0.4278908551452606
399 0.4278908551452606

399 0.4278908551452606
400 0.4278908551452606

400 0.4278908551452606
401 0.4278908551452606

401 0.4278908551452606
402 0.4278908551452606

402 0.4278908551452606
403 0.4278908551452606

403 0.4278908551452606
404 0.4278908551452606

404 0.4278908551452606
405 0.4749588492112393

405 0.4749588492112393
406 0.4749588492112393

406 0.4749588492112393
407 0.4749588492112393

407 0.4749588492112393
408 0.4749588492112393

408 0.4749588492112393
409 0.4749588492112393

409 0.4749588492112393
410 0.4749588492112393

410 0.4749588492112393
411 0.4749588492112393

411 0.4749588492112393
412 0.4749588492112393

412 0.4749588492112393
413 0.4749588492112393

413 0.4749588492112393
414 0.4749588492112393

414 0.4749588492112393
415 0.4749588492112393

415 0.4749588492112393
416 0.4749588492112393

416 0.4749588492112393
417 0.4749588492112393

417 0.4749588492112393
418 0.4749588492112393

418 0.4749588492112393
419 0.4749588492112393

419 0.4749588492112393
420 0.4749588492112393

420 0.4749588492112393
421 0.4749588492112393

421 0.4749588492112393
422 0.4749588492112393

422 0.4749588492112393
423 0.4749588492112393

423 0.4749588492112393
424 0.4749588492112393

424 0.4749588492112393
425 0.4749588492112393

425 0.4749588492112393
426 0.4749588492112393

426 0.4749588492112393
427 0.4749588492112393

427 0.4749588492112393
428 0.5272043226244757

428 0.5272043226244757
429 0.5272043226244757

429 0.5272043226244757
430 0.5272043226244757

430 0.5272043226244757
431 0.5272043226244757

431 0.5272043226244757
432 0.5272043226244757

432 0.5272043226244757
433 0.5272043226244757

433 0.5272043226244757
434 0.5272043226244757

434 0.5272043226244757
435 0.5272043226244757

435 0.5272043226244757
436 0.5272043226244757

436 0.5272043226244757
437 0.5272043226244757

437 0.5272043226244757
438 0.5272043226244757

438 0.5272043226244757
439 0.47448389036202815

439 0.47448389036202815
440 0.47448389036202815

440 0.47448389036202815
441 0.47448389036202815

441 0.47448389036202815
442 0.47448389036202815

442 0.47448389036202815
443 0.47448389036202815

443 0.47448389036202815
444 0.47448389036202815

444 0.47448389036202815
445 0.47448389036202815

445 0.47448389036202815
446 0.47448389036202815

446 0.47448389036202815
447 0.47448389036202815

447 0.47448389036202815
448 0.47448389036202815

448 0.47448389036202815
449 0.47448389036202815

449 0.47448389036202815
450 0.47448389036202815

450 0.47448389036202815
451 0.47448389036202815

451 0.47448389036202815
452 0.47448389036202815

452 0.47448389036202815
453 0.47448389036202815

453 0.47448389036202815
454 0.47448389036202815

454 0.47448389036202815
455 0.47448389036202815

455 0.47448389036202815
456 0.47448389036202815

456 0.47448389036202815
457 0.47448389036202815

457 0.47448389036202815
458 0.47448389036202815

458 0.47448389036202815
459 0.47448389036202815

459 0.47448389036202815
460 0.47448389036202815

460 0.47448389036202815
461 0.47448389036202815

461 0.47448389036202815
462 0.47448389036202815

462 0.47448389036202815
463 0.47448389036202815

463 0.47448389036202815
464 0.47448389036202815

464 0.47448389036202815
465 0.47448389036202815

465 0.47448389036202815
466 0.47448389036202815

466 0.47448389036202815
467 0.47448389036202815

467 0.47448389036202815
468 0.5266771183018513

468 0.5266771183018513
469 0.5266771183018513

469 0.5266771183018513
470 0.5266771183018513

470 0.5266771183018513
471 0.5266771183018513

471 0.5266771183018513
472 0.5266771183018513

472 0.5266771183018513
473 0.5266771183018513

473 0.5266771183018513
474 0.5266771183018513

474 0.5266771183018513
475 0.5266771183018513

475 0.5266771183018513
476 0.5266771183018513

476 0.5266771183018513
477 0.5266771183018513

477 0.5266771183018513
478 0.5266771183018513

478 0.5266771183018513
479 0.5266771183018513

479 0.5266771183018513
480 0.5266771183018513

480 0.5266771183018513
481 0.5266771183018513

481 0.5266771183018513
482 0.5266771183018513

482 0.5266771183018513
483 0.5266771183018513

483 0.5266771183018513
484 0.5266771183018513

484 0.5266771183018513
485 0.5266771183018513

485 0.5266771183018513
486 0.5266771183018513

486 0.5266771183018513
487 0.5266771183018513

487 0.5266771183018513
488 0.5266771183018513

488 0.5266771183018513
489 0.5266771183018513

489 0.5266771183018513
490 0.584611601315055

490 0.584611601315055
491 0.584611601315055

491 0.584611601315055
492 0.584611601315055

492 0.584611601315055
493 0.584611601315055

493 0.584611601315055
494 0.584611601315055

494 0.584611601315055
495 0.584611601315055

495 0.584611601315055
496 0.584611601315055

496 0.584611601315055
497 0.584611601315055

497 0.584611601315055
498 0.584611601315055

498 0.584611601315055
499 0.584611601315055

499 0.584611601315055
500 0.584611601315055

500 0.584611601315055
501 0.584611601315055

501 0.584611601315055
502 0.584611601315055

502 0.584611601315055
503 0.584611601315055

503 0.584611601315055
504 0.584611601315055

504 0.584611601315055
505 0.584611601315055

505 0.584611601315055
506 0.584611601315055

506 0.584611601315055
507 0.584611601315055

507 0.584611601315055
508 0.584611601315055

508 0.584611601315055
509 0.5261504411835495

509 0.5261504411835495
510 0.5261504411835495

510 0.5261504411835495
511 0.5261504411835495

511 0.5261504411835495
512 0.5261504411835495

512 0.5261504411835495
513 0.5261504411835495

513 0.5261504411835495
514 0.5261504411835495

514 0.5261504411835495
515 0.5261504411835495

515 0.5261504411835495
516 0.5261504411835495

516 0.5261504411835495
517 0.5261504411835495

517 0.5261504411835495
518 0.5261504411835495

518 0.5261504411835495
519 0.47353539706519454

519 0.47353539706519454
520 0.47353539706519454

520 0.47353539706519454
521 0.47353539706519454

521 0.47353539706519454
522 0.47353539706519454

522 0.47353539706519454
523 0.47353539706519454

523 0.47353539706519454
524 0.47353539706519454

524 0.47353539706519454
525 0.47353539706519454

525 0.47353539706519454
526 0.47353539706519454

526 0.47353539706519454
527 0.47353539706519454

527 0.47353539706519454
528 0.47353539706519454

528 0.47353539706519454
529 0.47353539706519454

529 0.47353539706519454
530 0.47353539706519454

530 0.47353539706519454
531 0.47353539706519454

531 0.47353539706519454
532 0.47353539706519454

532 0.47353539706519454
533 0.47353539706519454

533 0.47353539706519454
534 0.47353539706519454

534 0.47353539706519454
535 0.47353539706519454

535 0.47353539706519454
536 0.47353539706519454

536 0.47353539706519454
537 0.47353539706519454

537 0.47353539706519454
538 0.47353539706519454

538 0.47353539706519454
539 0.47353539706519454

539 0.47353539706519454
540 0.47353539706519454

540 0.47353539706519454
541 0.47353539706519454

541 0.47353539706519454
542 0.47353539706519454

542 0.47353539706519454
543 0.47353539706519454

543 0.47353539706519454
544 0.47353539706519454

544 0.47353539706519454
545 0.47353539706519454

545 0.47353539706519454
546 0.47353539706519454

546 0.47353539706519454
547 0.5256242907423659

547 0.5256242907423659
548 0.5256242907423659

548 0.5256242907423659
549 0.5256242907423659

549 0.5256242907423659
550 0.5256242907423659

550 0.5256242907423659
551 0.5256242907423659

551 0.5256242907423659
552 0.5256242907423659

552 0.5256242907423659
553 0.5256242907423659

553 0.5256242907423659
554 0.5256242907423659

554 0.5256242907423659
555 0.5256242907423659

555 0.5256242907423659
556 0.5256242907423659

556 0.5256242907423659
557 0.5256242907423659

557 0.5256242907423659
558 0.5256242907423659

558 0.5256242907423659
559 0.5256242907423659

559 0.5256242907423659
560 0.5256242907423659

560 0.5256242907423659
561 0.5256242907423659

561 0.5256242907423659
562 0.5256242907423659

562 0.5256242907423659
563 0.5256242907423659

563 0.5256242907423659
564 0.47306186166812936

564 0.47306186166812936
565 0.47306186166812936

565 0.47306186166812936
566 0.47306186166812936

566 0.47306186166812936
567 0.47306186166812936

567 0.47306186166812936
568 0.47306186166812936

568 0.47306186166812936
569 0.47306186166812936

569 0.47306186166812936
570 0.47306186166812936

570 0.47306186166812936
571 0.47306186166812936

571 0.47306186166812936
572 0.47306186166812936

572 0.47306186166812936
573 0.47306186166812936

573 0.47306186166812936
574 0.47306186166812936

574 0.47306186166812936
575 0.47306186166812936

575 0.47306186166812936
576 0.47306186166812936

576 0.47306186166812936
577 0.47306186166812936

577 0.47306186166812936
578 0.47306186166812936

578 0.47306186166812936
579 0.47306186166812936

579 0.47306186166812936
580 0.47306186166812936

580 0.47306186166812936
581 0.47306186166812936

581 0.47306186166812936
582 0.47306186166812936

582 0.47306186166812936
583 0.47306186166812936

583 0.47306186166812936
584 0.47306186166812936

584 0.47306186166812936
585 0.5250986664516236

585 0.5250986664516236
586 0.5250986664516236

586 0.5250986664516236
587 0.5250986664516236

587 0.5250986664516236
588 0.5250986664516236

588 0.5250986664516236
589 0.5250986664516236

589 0.5250986664516236
590 0.5250986664516236

590 0.5250986664516236
591 0.5250986664516236

591 0.5250986664516236
592 0.5250986664516236

592 0.5250986664516236
593 0.5250986664516236

593 0.5250986664516236
594 0.5250986664516236

594 0.5250986664516236
595 0.5250986664516236

595 0.5250986664516236
596 0.5250986664516236

596 0.5250986664516236
597 0.5250986664516236

597 0.5250986664516236
598 0.5250986664516236

598 0.5250986664516236
599 0.5250986664516236

599 0.5250986664516236
600 0.5250986664516236

600 0.5250986664516236
601 0.5250986664516236

601 0.5250986664516236
602 0.5250986664516236

602 0.5250986664516236
603 0.5250986664516236

603 0.5250986664516236
604 0.5250986664516236

604 0.5250986664516236
605 0.5250986664516236

605 0.5250986664516236
606 0.5250986664516236

606 0.5250986664516236
607 0.5250986664516236

607 0.5250986664516236
608 0.5250986664516236

608 0.5250986664516236
609 0.5250986664516236

609 0.5250986664516236
610 0.5828595197613022

610 0.5828595197613022
611 0.5828595197613022

611 0.5828595197613022
612 0.5828595197613022

612 0.5828595197613022
613 0.5828595197613022

613 0.5828595197613022
614 0.5828595197613022

614 0.5828595197613022
615 0.5828595197613022

615 0.5828595197613022
616 0.5828595197613022

616 0.5828595197613022
617 0.5828595197613022

617 0.5828595197613022
618 0.5828595197613022

618 0.5828595197613022
619 0.5828595197613022

619 0.5828595197613022
620 0.5828595197613022

620 0.5828595197613022
621 0.5828595197613022

621 0.5828595197613022
622 0.5828595197613022

622 0.5828595197613022
623 0.5828595197613022

623 0.5828595197613022
624 0.5828595197613022

624 0.5828595197613022
625 0.5828595197613022

625 0.5828595197613022
626 0.5828595197613022

626 0.5828595197613022
627 0.5828595197613022

627 0.5828595197613022
628 0.5828595197613022

628 0.5828595197613022
629 0.5828595197613022

629 0.5828595197613022
630 0.5828595197613022

630 0.5828595197613022
631 0.6469740669350456

631 0.6469740669350456
632 0.6469740669350456

632 0.6469740669350456
633 0.6469740669350456

633 0.6469740669350456
634 0.6469740669350456

634 0.6469740669350456
635 0.6469740669350456

635 0.6469740669350456
636 0.6469740669350456

636 0.6469740669350456
637 0.6469740669350456

637 0.6469740669350456
638 0.6469740669350456

638 0.6469740669350456
639 0.6469740669350456

639 0.6469740669350456
640 0.582276660241541

640 0.582276660241541
641 0.582276660241541

641 0.582276660241541
642 0.582276660241541

642 0.582276660241541
643 0.582276660241541

643 0.582276660241541
644 0.582276660241541

644 0.582276660241541
645 0.582276660241541

645 0.582276660241541
646 0.582276660241541

646 0.582276660241541
647 0.582276660241541

647 0.582276660241541
648 0.582276660241541

648 0.582276660241541
649 0.582276660241541

649 0.582276660241541
650 0.582276660241541

650 0.582276660241541
651 0.582276660241541

651 0.582276660241541
652 0.582276660241541

652 0.582276660241541
653 0.582276660241541

653 0.582276660241541
654 0.582276660241541

654 0.582276660241541
655 0.582276660241541

655 0.582276660241541
656 0.582276660241541

656 0.582276660241541
657 0.582276660241541

657 0.582276660241541
658 0.582276660241541

658 0.582276660241541
659 0.582276660241541

659 0.582276660241541
660 0.582276660241541

660 0.582276660241541
661 0.6463270928681106

661 0.6463270928681106
662 0.6463270928681106

662 0.6463270928681106
663 0.6463270928681106

663 0.6463270928681106
664 0.6463270928681106

664 0.6463270928681106
665 0.6463270928681106

665 0.6463270928681106
666 0.6463270928681106

666 0.6463270928681106
667 0.6463270928681106

667 0.6463270928681106
668 0.6463270928681106

668 0.6463270928681106
669 0.6463270928681106

669 0.6463270928681106
670 0.6463270928681106

670 0.6463270928681106
671 0.6463270928681106

671 0.6463270928681106
672 0.6463270928681106

672 0.6463270928681106
673 0.6463270928681106

673 0.6463270928681106
674 0.6463270928681106

674 0.6463270928681106
675 0.6463270928681106

675 0.6463270928681106
676 0.6463270928681106

676 0.6463270928681106
677 0.6463270928681106

677 0.6463270928681106
678 0.6463270928681106

678 0.6463270928681106
679 0.6463270928681106

679 0.6463270928681106
680 0.5816943835812995

680 0.5816943835812995
681 0.5816943835812995

681 0.5816943835812995
682 0.5816943835812995

682 0.5816943835812995
683 0.5816943835812995

683 0.5816943835812995
684 0.5816943835812995

684 0.5816943835812995
685 0.5816943835812995

685 0.5816943835812995
686 0.5816943835812995

686 0.5816943835812995
687 0.5816943835812995

687 0.5816943835812995
688 0.5816943835812995

688 0.5816943835812995
689 0.5816943835812995

689 0.5816943835812995
690 0.5816943835812995

690 0.5816943835812995
691 0.5816943835812995

691 0.5816943835812995
692 0.5816943835812995

692 0.5816943835812995
693 0.5816943835812995

693 0.5816943835812995
694 0.5235249452231696

694 0.5235249452231696
695 0.5235249452231696

695 0.5235249452231696
696 0.5235249452231696

696 0.5235249452231696
697 0.5235249452231696

697 0.5235249452231696
698 0.5235249452231696

698 0.5235249452231696
699 0.5235249452231696

699 0.5235249452231696
700 0.5235249452231696

700 0.5235249452231696
701 0.5235249452231696

701 0.5235249452231696
702 0.5235249452231696

702 0.5235249452231696
703 0.5235249452231696

703 0.5235249452231696
704 0.5235249452231696

704 0.5235249452231696
705 0.5235249452231696

705 0.5235249452231696
706 0.5235249452231696

706 0.5235249452231696
707 0.5235249452231696

707 0.5235249452231696
708 0.5235249452231696

708 0.5235249452231696
709 0.5235249452231696

709 0.5235249452231696
710 0.5235249452231696

710 0.5235249452231696
711 0.4711724507008527

711 0.4711724507008527
712 0.4711724507008527

712 0.4711724507008527
713 0.4711724507008527

713 0.4711724507008527
714 0.4711724507008527

714 0.4711724507008527
715 0.4711724507008527

715 0.4711724507008527
716 0.4711724507008527

716 0.4711724507008527
717 0.4711724507008527

717 0.4711724507008527
718 0.4711724507008527

718 0.4711724507008527
719 0.4711724507008527

719 0.4711724507008527
720 0.4711724507008527

720 0.4711724507008527
721 0.4711724507008527

721 0.4711724507008527
722 0.42405520563076743

722 0.42405520563076743
723 0.42405520563076743

723 0.42405520563076743
724 0.42405520563076743

724 0.42405520563076743
725 0.42405520563076743

725 0.42405520563076743
726 0.42405520563076743

726 0.42405520563076743
727 0.42405520563076743

727 0.42405520563076743
728 0.42405520563076743

728 0.42405520563076743
729 0.42405520563076743

729 0.42405520563076743
730 0.42405520563076743

730 0.42405520563076743
731 0.42405520563076743

731 0.42405520563076743
732 0.42405520563076743

732 0.42405520563076743
733 0.42405520563076743

733 0.42405520563076743
734 0.42405520563076743

734 0.42405520563076743
735 0.42405520563076743

735 0.42405520563076743
736 0.42405520563076743

736 0.42405520563076743
737 0.42405520563076743

737 0.42405520563076743
738 0.42405520563076743

738 0.42405520563076743
739 0.42405520563076743

739 0.42405520563076743
740 0.42405520563076743

740 0.42405520563076743
741 0.42405520563076743

741 0.42405520563076743
742 0.42405520563076743

742 0.42405520563076743
743 0.42405520563076743

743 0.42405520563076743
744 0.42405520563076743

744 0.42405520563076743
745 0.4707012782501519

745 0.4707012782501519
746 0.4707012782501519

746 0.4707012782501519
747 0.4707012782501519

747 0.4707012782501519
748 0.4707012782501519

748 0.4707012782501519
749 0.4707012782501519

749 0.4707012782501519
750 0.4707012782501519

750 0.4707012782501519
751 0.4707012782501519

751 0.4707012782501519
752 0.4707012782501519

752 0.4707012782501519
753 0.4707012782501519

753 0.4707012782501519
754 0.4707012782501519

754 0.4707012782501519
755 0.4707012782501519

755 0.4707012782501519
756 0.4707012782501519

756 0.4707012782501519
757 0.4707012782501519

757 0.4707012782501519
758 0.4707012782501519

758 0.4707012782501519
759 0.4707012782501519

759 0.4707012782501519
760 0.4707012782501519

760 0.4707012782501519
761 0.4707012782501519

761 0.4707012782501519
762 0.4707012782501519

762 0.4707012782501519
763 0.4707012782501519

763 0.4707012782501519
764 0.4707012782501519

764 0.4707012782501519
765 0.4707012782501519

765 0.4707012782501519
766 0.4707012782501519

766 0.4707012782501519
767 0.4707012782501519

767 0.4707012782501519
768 0.4707012782501519

768 0.4707012782501519
769 0.4707012782501519

769 0.4707012782501519
770 0.4707012782501519

770 0.4707012782501519
771 0.4707012782501519

771 0.4707012782501519
772 0.5224784188576687

772 0.5224784188576687
773 0.5224784188576687

773 0.5224784188576687
774 0.5224784188576687

774 0.5224784188576687
775 0.5224784188576687

775 0.5224784188576687
776 0.5224784188576687

776 0.5224784188576687
777 0.5224784188576687

777 0.5224784188576687
778 0.5224784188576687

778 0.5224784188576687
779 0.5224784188576687

779 0.5224784188576687
780 0.5224784188576687

780 0.5224784188576687
781 0.5224784188576687

781 0.5224784188576687
782 0.5224784188576687

782 0.5224784188576687
783 0.5224784188576687

783 0.5224784188576687
784 0.5224784188576687

784 0.5224784188576687
785 0.5224784188576687

785 0.5224784188576687
786 0.5224784188576687

786 0.5224784188576687
787 0.5224784188576687

787 0.5224784188576687
788 0.5224784188576687

788 0.5224784188576687
789 0.5224784188576687

789 0.5224784188576687
790 0.5224784188576687

790 0.5224784188576687
791 0.5224784188576687

791 0.5224784188576687
792 0.5224784188576687

792 0.5224784188576687
793 0.5224784188576687

793 0.5224784188576687
794 0.5799510449320122

794 0.5799510449320122
795 0.5799510449320122

795 0.5799510449320122
796 0.5799510449320122

796 0.5799510449320122
797 0.5799510449320122

797 0.5799510449320122
798 0.5799510449320122

798 0.5799510449320122
799 0.5799510449320122

799 0.5799510449320122
800 0.5799510449320122

800 0.5799510449320122
801 0.5799510449320122

801 0.5799510449320122
802 0.5799510449320122

802 0.5799510449320122
803 0.5799510449320122

803 0.5799510449320122
804 0.5799510449320122

804 0.5799510449320122
805 0.5799510449320122

805 0.5799510449320122
806 0.5799510449320122

806 0.5799510449320122
807 0.5799510449320122

807 0.5799510449320122
808 0.5799510449320122

808 0.5799510449320122
809 0.5799510449320122

809 0.5799510449320122
810 0.5799510449320122

810 0.5799510449320122
811 0.5799510449320122

811 0.5799510449320122
812 0.521955940438811

812 0.521955940438811
813 0.521955940438811

813 0.521955940438811
814 0.521955940438811

814 0.521955940438811
815 0.521955940438811

815 0.521955940438811
816 0.521955940438811

816 0.521955940438811
817 0.521955940438811

817 0.521955940438811
818 0.521955940438811

818 0.521955940438811
819 0.521955940438811

819 0.521955940438811
820 0.521955940438811

820 0.521955940438811
821 0.521955940438811

821 0.521955940438811
822 0.521955940438811

822 0.521955940438811
823 0.521955940438811

823 0.521955940438811
824 0.521955940438811

824 0.521955940438811
825 0.521955940438811

825 0.521955940438811
826 0.521955940438811

826 0.521955940438811
827 0.521955940438811

827 0.521955940438811
828 0.521955940438811

828 0.521955940438811
829 0.521955940438811

829 0.521955940438811
830 0.521955940438811

830 0.521955940438811
831 0.521955940438811

831 0.521955940438811
832 0.521955940438811

832 0.521955940438811
833 0.5793710938870803

833 0.5793710938870803
834 0.5793710938870803

834 0.5793710938870803
835 0.5793710938870803

835 0.5793710938870803
836 0.5793710938870803

836 0.5793710938870803
837 0.5793710938870803

837 0.5793710938870803
838 0.5793710938870803

838 0.5793710938870803
839 0.5793710938870803

839 0.5793710938870803
840 0.5793710938870803

840 0.5793710938870803
841 0.5793710938870803

841 0.5793710938870803
842 0.5793710938870803

842 0.5793710938870803
843 0.5793710938870803

843 0.5793710938870803
844 0.5793710938870803

844 0.5793710938870803
845 0.5793710938870803

845 0.5793710938870803
846 0.5793710938870803

846 0.5793710938870803
847 0.5793710938870803

847 0.5793710938870803
848 0.5214339844983723

848 0.5214339844983723
849 0.5214339844983723

849 0.5214339844983723
850 0.5214339844983723

850 0.5214339844983723
851 0.5214339844983723

851 0.5214339844983723
852 0.5214339844983723

852 0.5214339844983723
853 0.5214339844983723

853 0.5214339844983723
854 0.5214339844983723

854 0.5214339844983723
855 0.5214339844983723

855 0.5214339844983723
856 0.5214339844983723

856 0.5214339844983723
857 0.5214339844983723

857 0.5214339844983723
858 0.5214339844983723

858 0.5214339844983723
859 0.5214339844983723

859 0.5214339844983723
860 0.5214339844983723

860 0.5214339844983723
861 0.5214339844983723

861 0.5214339844983723
862 0.5214339844983723

862 0.5214339844983723
863 0.5214339844983723

863 0.5214339844983723
864 0.5214339844983723

864 0.5214339844983723
865 0.5214339844983723

865 0.5214339844983723
866 0.4692905860485351

866 0.4692905860485351
867 0.4692905860485351

867 0.4692905860485351
868 0.4692905860485351

868 0.4692905860485351
869 0.4692905860485351

869 0.4692905860485351
870 0.4692905860485351

870 0.4692905860485351
871 0.4692905860485351

871 0.4692905860485351
872 0.4692905860485351

872 0.4692905860485351
873 0.4692905860485351

873 0.4692905860485351
874 0.4692905860485351

874 0.4692905860485351
875 0.4692905860485351

875 0.4692905860485351
876 0.4692905860485351

876 0.4692905860485351
877 0.4692905860485351

877 0.4692905860485351
878 0.4692905860485351

878 0.4692905860485351
879 0.4692905860485351

879 0.4692905860485351
880 0.4692905860485351

880 0.4692905860485351
881 0.42236152744368155

881 0.42236152744368155
882 0.42236152744368155

882 0.42236152744368155
883 0.42236152744368155

883 0.42236152744368155
884 0.42236152744368155

884 0.42236152744368155
885 0.42236152744368155

885 0.42236152744368155
886 0.42236152744368155

886 0.42236152744368155
887 0.42236152744368155

887 0.42236152744368155
888 0.42236152744368155

888 0.42236152744368155
889 0.42236152744368155

889 0.42236152744368155
890 0.42236152744368155

890 0.42236152744368155
891 0.42236152744368155

891 0.42236152744368155
892 0.42236152744368155

892 0.42236152744368155
893 0.42236152744368155

893 0.42236152744368155
894 0.42236152744368155

894 0.42236152744368155
895 0.42236152744368155

895 0.42236152744368155
896 0.42236152744368155

896 0.42236152744368155
897 0.42236152744368155

897 0.42236152744368155
898 0.42236152744368155

898 0.42236152744368155
899 0.42236152744368155

899 0.42236152744368155
900 0.3801253746993134

900 0.3801253746993134
901 0.3801253746993134

901 0.3801253746993134
902 0.3801253746993134

902 0.3801253746993134
903 0.3801253746993134

903 0.3801253746993134
904 0.3801253746993134

904 0.3801253746993134
905 0.3801253746993134

905 0.3801253746993134
906 0.3801253746993134

906 0.3801253746993134
907 0.3801253746993134

907 0.3801253746993134
908 0.3801253746993134

908 0.3801253746993134
909 0.3801253746993134

909 0.3801253746993134
910 0.3801253746993134

910 0.3801253746993134
911 0.3801253746993134

911 0.3801253746993134
912 0.3801253746993134

912 0.3801253746993134
913 0.3801253746993134

913 0.3801253746993134
914 0.3801253746993134

914 0.3801253746993134
915 0.3801253746993134

915 0.3801253746993134
916 0.3801253746993134

916 0.3801253746993134
917 0.3801253746993134

917 0.3801253746993134
918 0.3801253746993134

918 0.3801253746993134
919 0.3801253746993134

919 0.3801253746993134
920 0.3801253746993134

920 0.3801253746993134
921 0.3801253746993134

921 0.3801253746993134
922 0.3801253746993134

922 0.3801253746993134
923 0.3801253746993134

923 0.3801253746993134
924 0.3801253746993134

924 0.3801253746993134
925 0.3801253746993134

925 0.3801253746993134
926 0.4219391659162379

926 0.4219391659162379
927 0.4219391659162379

927 0.4219391659162379
928 0.4219391659162379

928 0.4219391659162379
929 0.4219391659162379

929 0.4219391659162379
930 0.4219391659162379

930 0.4219391659162379
931 0.4219391659162379

931 0.4219391659162379
932 0.4219391659162379

932 0.4219391659162379
933 0.4219391659162379

933 0.4219391659162379
934 0.4219391659162379

934 0.4219391659162379
935 0.4219391659162379

935 0.4219391659162379
936 0.4219391659162379

936 0.4219391659162379
937 0.4219391659162379

937 0.4219391659162379
938 0.4219391659162379

938 0.4219391659162379
939 0.4219391659162379

939 0.4219391659162379
940 0.4219391659162379

940 0.4219391659162379
941 0.4219391659162379

941 0.4219391659162379
942 0.4219391659162379

942 0.4219391659162379
943 0.4219391659162379

943 0.4219391659162379
944 0.4219391659162379

944 0.4219391659162379
945 0.4219391659162379

945 0.4219391659162379
946 0.4219391659162379

946 0.4219391659162379
947 0.4219391659162379

947 0.4219391659162379
948 0.4219391659162379

948 0.4219391659162379
949 0.4219391659162379

949 0.4219391659162379
950 0.4219391659162379

950 0.4219391659162379
951 0.46835247416702414

951 0.46835247416702414
952 0.46835247416702414

952 0.46835247416702414
953 0.46835247416702414

953 0.46835247416702414
954 0.46835247416702414

954 0.46835247416702414
955 0.46835247416702414

955 0.46835247416702414
956 0.46835247416702414

956 0.46835247416702414
957 0.46835247416702414

957 0.46835247416702414
958 0.46835247416702414

958 0.46835247416702414
959 0.46835247416702414

959 0.46835247416702414
960 0.46835247416702414

960 0.46835247416702414
961 0.46835247416702414

961 0.46835247416702414
962 0.46835247416702414

962 0.46835247416702414
963 0.46835247416702414

963 0.46835247416702414
964 0.46835247416702414

964 0.46835247416702414
965 0.46835247416702414

965 0.46835247416702414
966 0.46835247416702414

966 0.46835247416702414
967 0.46835247416702414

967 0.46835247416702414
968 0.46835247416702414

968 0.46835247416702414
969 0.46835247416702414

969 0.46835247416702414
970 0.46835247416702414

970 0.46835247416702414
971 0.46835247416702414

971 0.46835247416702414
972 0.46835247416702414

972 0.46835247416702414
973 0.46835247416702414

973 0.46835247416702414
974 0.46835247416702414

974 0.46835247416702414
975 0.46835247416702414

975 0.46835247416702414
976 0.46835247416702414

976 0.46835247416702414
977 0.46835247416702414

977 0.46835247416702414
978 0.46835247416702414

978 0.46835247416702414
979 0.46835247416702414

979 0.46835247416702414
980 0.46835247416702414

980 0.46835247416702414
981 0.5198712463253968

981 0.5198712463253968
982 0.5198712463253968

982 0.5198712463253968
983 0.5198712463253968

983 0.5198712463253968
984 0.5198712463253968

984 0.5198712463253968
985 0.5198712463253968

985 0.5198712463253968
986 0.5198712463253968

986 0.5198712463253968
987 0.5198712463253968

987 0.5198712463253968
988 0.5198712463253968

988 0.5198712463253968
989 0.5198712463253968

989 0.5198712463253968
990 0.5198712463253968

990 0.5198712463253968
991 0.5198712463253968

991 0.5198712463253968
992 0.5198712463253968

992 0.5198712463253968
993 0.5198712463253968

993 0.5198712463253968
994 0.5198712463253968

994 0.5198712463253968
995 0.5198712463253968

995 0.5198712463253968
996 0.5198712463253968

996 0.5198712463253968
997 0.5198712463253968

997 0.5198712463253968
998 0.5198712463253968

998 0.5198712463253968
999 0.5198712463253968

999 0.5198712463253968
1000 0.5198712463253968

1000 0.5198712463253968
1001 0.5770570834211906

1001 0.5770570834211906
1002 0.5770570834211906

1002 0.5770570834211906
1003 0.5770570834211906

1003 0.5770570834211906
1004 0.5770570834211906

1004 0.5770570834211906
1005 0.5770570834211906

1005 0.5770570834211906
1006 0.5770570834211906

1006 0.5770570834211906
1007 0.5770570834211906

1007 0.5770570834211906
1008 0.5770570834211906

1008 0.5770570834211906
1009 0.5770570834211906

1009 0.5770570834211906
1010 0.5770570834211906

1010 0.5770570834211906
1011 0.5770570834211906

1011 0.5770570834211906
1012 0.5770570834211906

1012 0.5770570834211906
1013 0.5770570834211906

1013 0.5770570834211906
1014 0.5770570834211906

1014 0.5770570834211906
1015 0.5770570834211906

1015 0.5770570834211906
1016 0.5770570834211906

1016 0.5770570834211906
1017 0.5770570834211906

1017 0.5770570834211906
1018 0.5770570834211906

1018 0.5770570834211906
1019 0.5193513750790715

1019 0.5193513750790715
1020 0.5193513750790715

1020 0.5193513750790715
1021 0.5193513750790715

1021 0.5193513750790715
1022 0.5193513750790715

1022 0.5193513750790715
1023 0.5193513750790715

1023 0.5193513750790715
1024 0.5193513750790715

1024 0.5193513750790715
1025 0.5193513750790715

1025 0.5193513750790715
1026 0.5193513750790715

1026 0.5193513750790715
1027 0.5193513750790715

1027 0.5193513750790715
1028 0.5193513750790715

1028 0.5193513750790715
1029 0.5193513750790715

1029 0.5193513750790715
1030 0.5193513750790715

1030 0.5193513750790715
1031 0.5193513750790715

1031 0.5193513750790715
1032 0.5193513750790715

1032 0.5193513750790715
1033 0.5193513750790715

1033 0.5193513750790715
1034 0.5193513750790715

1034 0.5193513750790715
1035 0.5193513750790715

1035 0.5193513750790715
1036 0.46741623757116435

1036 0.46741623757116435
1037 0.46741623757116435

1037 0.46741623757116435
1038 0.46741623757116435

1038 0.46741623757116435
1039 0.46741623757116435

1039 0.46741623757116435
1040 0.46741623757116435

1040 0.46741623757116435
1041 0.46741623757116435

1041 0.46741623757116435
1042 0.46741623757116435

1042 0.46741623757116435
1043 0.46741623757116435

1043 0.46741623757116435
1044 0.46741623757116435

1044 0.46741623757116435
1045 0.46741623757116435

1045 0.46741623757116435
1046 0.46741623757116435

1046 0.46741623757116435
1047 0.46741623757116435

1047 0.46741623757116435
1048 0.46741623757116435

1048 0.46741623757116435
1049 0.46741623757116435

1049 0.46741623757116435
1050 0.46741623757116435

1050 0.46741623757116435
1051 0.46741623757116435

1051 0.46741623757116435
1052 0.46741623757116435

1052 0.46741623757116435
1053 0.46741623757116435

1053 0.46741623757116435
1054 0.46741623757116435

1054 0.46741623757116435
1055 0.46741623757116435

1055 0.46741623757116435
1056 0.46741623757116435

1056 0.46741623757116435
1057 0.46741623757116435

1057 0.46741623757116435
1058 0.5188320237039925

1058 0.5188320237039925
1059 0.5188320237039925

1059 0.5188320237039925
1060 0.5188320237039925

1060 0.5188320237039925
1061 0.5188320237039925

1061 0.5188320237039925
1062 0.5188320237039925

1062 0.5188320237039925
1063 0.5188320237039925

1063 0.5188320237039925
1064 0.5188320237039925

1064 0.5188320237039925
1065 0.5188320237039925

1065 0.5188320237039925
1066 0.5188320237039925

1066 0.5188320237039925
1067 0.5188320237039925

1067 0.5188320237039925
1068 0.5188320237039925

1068 0.5188320237039925
1069 0.5188320237039925

1069 0.5188320237039925
1070 0.5188320237039925

1070 0.5188320237039925
1071 0.5188320237039925

1071 0.5188320237039925
1072 0.5188320237039925

1072 0.5188320237039925
1073 0.5188320237039925

1073 0.5188320237039925
1074 0.5188320237039925

1074 0.5188320237039925
1075 0.5188320237039925

1075 0.5188320237039925
1076 0.4669488213335933

1076 0.4669488213335933
1077 0.4669488213335933

1077 0.4669488213335933
1078 0.4669488213335933

1078 0.4669488213335933
1079 0.4669488213335933

1079 0.4669488213335933
1080 0.4669488213335933

1080 0.4669488213335933
1081 0.4669488213335933

1081 0.4669488213335933
1082 0.4669488213335933

1082 0.4669488213335933
1083 0.4669488213335933

1083 0.4669488213335933
1084 0.4669488213335933

1084 0.4669488213335933
1085 0.4669488213335933

1085 0.4669488213335933
1086 0.4669488213335933

1086 0.4669488213335933
