1 1

1 1
2 3

2 3
3 3

3 3
4 3

4 3
5 3

5 3
6 3

6 3
7 5.75

7 5.75
8 6.25

8 6.25
9 6.25

9 6.25
10 6.25

10 6.25
11 6.25

11 6.25
12 6.25

12 6.25
13 6.25

13 6.25
14 6.25

14 6.25
15 6.25

15 6.25
16 6.5

16 6.5
17 6.5

17 6.5
18 6.5

18 6.5
19 6.5

19 6.5
20 6.25

20 6.25
21 6.25

21 6.25
22 6.25

22 6.25
23 6.25

23 6.25
24 6.25

24 6.25
25 4.75

25 4.75
26 4.75

26 4.75
27 4.5

27 4.5
28 4.5

28 4.5
29 4.5

29 4.5
30 4.5

30 4.5
31 4.5

31 4.5
32 4.5

32 4.5
33 4.5

33 4.5
34 4.5

34 4.5
35 2.0

35 2.0
36 2.0

36 2.0
37 2.0

37 2.0
38 2.0

38 2.0
39 2.0

39 2.0
40 2.0

40 2.0
41 2.0

41 2.0
42 2.0

42 2.0
43 1.75

43 1.75
44 1.75

44 1.75
45 2.75

45 2.75
46 2.75

46 2.75
47 2.75

47 2.75
48 2.75

48 2.75
49 2.75

49 2.75
50 2.75

50 2.75
51 2.75

51 2.75
52 2.75

52 2.75
53 3.75

53 3.75
54 3.25

54 3.25
55 3.25

55 3.25
56 3.25

56 3.25
57 3.25

57 3.25
58 3.25

58 3.25
59 2.5

59 2.5
60 3.5

60 3.5
61 2.25

61 2.25
62 2.25

62 2.25
63 2.25

63 2.25
64 2.25

64 2.25
65 2.25

65 2.25
66 2.25

66 2.25
67 2.25

67 2.25
68 2.25

68 2.25
69 3.5

69 3.5
70 4.75

70 4.75
71 4.75

71 4.75
72 4.75

72 4.75
73 4.75

73 4.75
74 4.75

74 4.75
75 4.75

75 4.75
76 5.25

76 5.25
77 6.25

77 6.25
78 6.25

78 6.25
79 6.25

79 6.25
80 6.25

80 6.25
81 6.25

81 6.25
82 5.75

82 5.75
83 6.5

83 6.5
84 6.5

84 6.5
85 6.5

85 6.5
86 6.5

86 6.5
87 6.5

87 6.5
88 6.5

88 6.5
89 6.5

89 6.5
90 5.5

90 5.5
91 4.0

91 4.0
92 3.75

92 3.75
93 3.75

93 3.75
94 3.75

94 3.75
95 3.75

95 3.75
96 3.75

96 3.75
97 3.75

97 3.75
98 1.25

98 1.25
99 2.25

99 2.25
100 3.0

100 3.0
101 4.25

101 4.25
102 4.25

102 4.25
103 4.25

103 4.25
104 4.25

104 4.25
105 4.75

105 4.75
106 5.25

106 5.25
107 5.25

107 5.25
108 6.5

108 6.5
109 6.5

109 6.5
110 6.5

110 6.5
111 8.0

111 8.0
112 8.0

112 8.0
113 8.0

113 8.0
114 8.0

114 8.0
115 8.0

115 8.0
116 8.0

116 8.0
117 8.0

117 8.0
118 8.0

118 8.0
119 8.0

119 8.0
120 8.0

120 8.0
121 8.0

121 8.0
122 3.75

122 3.75
123 4.0

123 4.0
124 4.5

124 4.5
125 4.5

125 4.5
126 4.5

126 4.5
127 4.5

127 4.5
128 4.5

128 4.5
129 4.5

129 4.5
130 4.5

130 4.5
131 4.5

131 4.5
132 4.5

132 4.5
133 1

133 1
134 1

134 1
135 1

135 1
136 1

136 1
137 1

137 1
138 1

138 1
139 1

139 1
140 1

140 1
141 2.75

141 2.75
142 3.5

142 3.5
143 3.5

143 3.5
144 3.5

144 3.5
145 3.5

145 3.5
146 3.5

146 3.5
147 4.5

147 4.5
148 4.25

148 4.25
149 5.25

149 5.25
150 5.75

150 5.75
151 5.75

151 5.75
152 6.5

152 6.5
153 6.5

153 6.5
154 6.75

154 6.75
155 7.75

155 7.75
156 7.75

156 7.75
157 7.75

157 7.75
158 8.0

158 8.0
159 9.0

159 9.0
160 9.0

160 9.0
161 8.75

161 8.75
162 9.5

162 9.5
163 9.5

163 9.5
164 9.5

164 9.5
165 9.5

165 9.5
166 9.5

166 9.5
167 9.5

167 9.5
168 9.5

168 9.5
169 9.5

169 9.5
170 8.5

170 8.5
171 7.75

171 7.75
172 8.25

172 8.25
173 6.75

173 6.75
174 6.75

174 6.75
175 6.75

175 6.75
176 6.75

176 6.75
177 6.75

177 6.75
178 6.75

178 6.75
179 6.75

179 6.75
180 6.75

180 6.75
181 2.0

181 2.0
182 2.0

182 2.0
183 2.0

183 2.0
184 2.0

184 2.0
185 2.0

185 2.0
186 2.0

186 2.0
187 2.0

187 2.0
188 2.0

188 2.0
189 1

189 1
190 1

190 1
191 1

191 1
192 1

192 1
193 1

193 1
194 1

194 1
195 1

195 1
196 1

196 1
197 1

197 1
198 1

198 1
199 1.25

199 1.25
200 1.25

200 1.25
201 1.25

201 1.25
202 1.75

202 1.75
203 1.75

203 1.75
204 2.25

204 2.25
205 2.25

205 2.25
206 2.25

206 2.25
207 2.25

207 2.25
208 2.25

208 2.25
209 2.25

209 2.25
210 2.25

210 2.25
211 2.25

211 2.25
212 2.25

212 2.25
213 1.25

213 1.25
214 2.75

214 2.75
215 3.0

215 3.0
216 3.5

216 3.5
217 3.75

217 3.75
218 3.75

218 3.75
219 3.75

219 3.75
220 3.75

220 3.75
221 3.75

221 3.75
222 4.75

222 4.75
223 4.5

223 4.5
224 4.5

224 4.5
225 4.5

225 4.5
226 4.5

226 4.5
227 4.5

227 4.5
228 4.5

228 4.5
229 4.5

229 4.5
230 4.5

230 4.5
231 4.5

231 4.5
232 4.5

232 4.5
233 3.75

233 3.75
234 5.5

234 5.5
235 5.5

235 5.5
236 5.5

236 5.5
237 5.5

237 5.5
238 7.75

238 7.75
239 7.75

239 7.75
240 7.75

240 7.75
241 7.75

241 7.75
242 7.75

242 7.75
243 7.0

243 7.0
244 7.0

244 7.0
245 7.0

245 7.0
246 7.0

246 7.0
247 7.0

247 7.0
248 7.0

248 7.0
249 7.0

249 7.0
250 7.0

250 7.0
251 7.0

251 7.0
252 9.0

252 9.0
253 9.0

253 9.0
254 9.0

254 9.0
255 9.0

255 9.0
256 10.75

256 10.75
257 10.75

257 10.75
258 10.75

258 10.75
259 10.75

259 10.75
260 12.25

260 12.25
261 12.25

261 12.25
262 12.25

262 12.25
263 12.25

263 12.25
264 13.0

264 13.0
265 13.5

265 13.5
266 13.5

266 13.5
267 13.5

267 13.5
268 15.0

268 15.0
269 15.0

269 15.0
270 15.0

270 15.0
271 15.0

271 15.0
272 15.0

272 15.0
273 15.0

273 15.0
274 15.0

274 15.0
275 14.25

275 14.25
276 11.25

276 11.25
277 11.25

277 11.25
278 11.25

278 11.25
279 11.25

279 11.25
280 11.25

280 11.25
281 11.25

281 11.25
282 11.25

282 11.25
283 11.25

283 11.25
284 11.0

284 11.0
285 10.25

285 10.25
286 7.5

286 7.5
287 7.5

287 7.5
288 7.5

288 7.5
289 7.5

289 7.5
290 7.5

290 7.5
291 7.5

291 7.5
292 7.5

292 7.5
293 7.5

293 7.5
294 7.5

294 7.5
295 7.5

295 7.5
296 7.5

296 7.5
297 2.75

297 2.75
298 2.75

298 2.75
299 2.75

299 2.75
300 2.75

300 2.75
301 2.75

301 2.75
302 2.75

302 2.75
303 2.75

303 2.75
304 2.75

304 2.75
305 2.75

305 2.75
306 2.75

306 2.75
307 2.75

307 2.75
308 1

308 1
309 1

309 1
310 1

310 1
311 1

311 1
312 1

312 1
313 1

313 1
314 1

314 1
315 1

315 1
316 1

316 1
317 1

317 1
318 1

318 1
319 1

319 1
320 1

320 1
321 1

321 1
322 1

322 1
323 1

323 1
324 1

324 1
325 1

325 1
326 1

326 1
327 1

327 1
328 1

328 1
329 1

329 1
330 1

330 1
331 1

331 1
332 1.25

332 1.25
333 1.25

333 1.25
334 2.0

334 2.0
335 2.0

335 2.0
336 2.0

336 2.0
337 2.0

337 2.0
338 2.0

338 2.0
339 2.0

339 2.0
340 2.0

340 2.0
341 2.0

341 2.0
342 2.0

342 2.0
343 2.0

343 2.0
344 2.0

344 2.0
345 2.0

345 2.0
346 2.0

346 2.0
347 2.0

347 2.0
348 1

348 1
349 1

349 1
350 3

350 3
351 3

351 3
352 3

352 3
353 3

353 3
354 4

354 4
355 4

355 4
356 4.25

356 4.25
357 4.25

357 4.25
358 4.25

358 4.25
359 4.25

359 4.25
360 4.25

360 4.25
361 4.25

361 4.25
362 4.25

362 4.25
363 4.25

363 4.25
364 4.25

364 4.25
365 4.25

365 4.25
366 4.5

366 4.5
367 4.5

367 4.5
368 4.25

368 4.25
369 4.25

369 4.25
370 3.0

370 3.0
371 3.5

371 3.5
372 3.5

372 3.5
373 3.5

373 3.5
374 3.5

374 3.5
375 3.5

375 3.5
376 3.5

376 3.5
377 3.25

377 3.25
378 3.25

378 3.25
379 3.0

379 3.0
380 3.75

380 3.75
381 3.25

381 3.25
382 3.25

382 3.25
383 3.25

383 3.25
384 3.25

384 3.25
385 3.75

385 3.75
386 3.75

386 3.75
387 3.75

387 3.75
388 3.75

388 3.75
389 3.75

389 3.75
390 3.75

390 3.75
391 3.75

391 3.75
392 1.25

392 1.25
393 1

393 1
394 1

394 1
395 1

395 1
396 1

396 1
397 1

397 1
398 1

398 1
399 1

399 1
400 1

400 1
401 1.5

401 1.5
402 1.5

402 1.5
403 1.5

403 1.5
404 2.25

404 2.25
405 2.25

405 2.25
406 3.0

406 3.0
407 3.0

407 3.0
408 3.0

408 3.0
409 3.0

409 3.0
410 3.0

410 3.0
411 3.0

411 3.0
412 3.0

412 3.0
413 3.0

413 3.0
414 3.0

414 3.0
415 2.75

415 2.75
416 2.75

416 2.75
417 3.25

417 3.25
418 3.25

418 3.25
419 3.25

419 3.25
420 3.5

420 3.5
421 4.5

421 4.5
422 5.0

422 5.0
423 5.5

423 5.5
424 5.5

424 5.5
425 5.5

425 5.5
426 6.5

426 6.5
427 7.25

427 7.25
428 7.25

428 7.25
429 7.25

429 7.25
430 7.25

430 7.25
431 7.25

431 7.25
432 7.25

432 7.25
433 8.25

433 8.25
434 8.25

434 8.25
435 8.25

435 8.25
436 8.25

436 8.25
437 8.25

437 8.25
438 8.25

438 8.25
439 8.0

439 8.0
440 8.0

440 8.0
441 8.0

441 8.0
442 8.0

442 8.0
443 7.75

443 7.75
444 7.5

444 7.5
445 7.5

445 7.5
446 7.5

446 7.5
447 7.5

447 7.5
448 7.5

448 7.5
449 7.25

449 7.25
450 6.25

450 6.25
451 6.5

451 6.5
452 6.5

452 6.5
453 6.5

453 6.5
454 7.0

454 7.0
455 7.25

455 7.25
456 7.25

456 7.25
457 7.25

457 7.25
458 7.75

458 7.75
459 7.75

459 7.75
460 7.75

460 7.75
461 7.75

461 7.75
462 7.75

462 7.75
463 7.75

463 7.75
464 7.75

464 7.75
465 7.5

465 7.5
466 8.25

466 8.25
467 8.25

467 8.25
468 8.25

468 8.25
469 8.25

469 8.25
470 8.25

470 8.25
471 8.25

471 8.25
472 8.25

472 8.25
473 8.25

473 8.25
474 9.0

474 9.0
475 9.0

475 9.0
476 9.0

476 9.0
477 9.0

477 9.0
478 9.0

478 9.0
479 9.5

479 9.5
480 10.0

480 10.0
481 10.25

481 10.25
482 10.25

482 10.25
483 10.25

483 10.25
484 10.25

484 10.25
485 10.25

485 10.25
486 10.25

486 10.25
487 10.5

487 10.5
488 10.75

488 10.75
489 10.75

489 10.75
490 10.75

490 10.75
491 11.5

491 11.5
492 12.25

492 12.25
493 12.25

493 12.25
494 12.25

494 12.25
495 12.25

495 12.25
496 12.25

496 12.25
497 11.5

497 11.5
498 11.5

498 11.5
499 11.5

499 11.5
500 11.5

500 11.5
501 11.5

501 11.5
502 11.5

502 11.5
503 11.25

503 11.25
504 11.0

504 11.0
505 11.5

505 11.5
506 11.5

506 11.5
507 11.5

507 11.5
508 11.5

508 11.5
509 11.5

509 11.5
510 10.5

510 10.5
511 10.0

511 10.0
512 7.5

512 7.5
513 7.75

513 7.75
514 7.75

514 7.75
515 7.75

515 7.75
516 7.75

516 7.75
517 7.75

517 7.75
518 7.75

518 7.75
519 7.75

519 7.75
520 7.5

520 7.5
521 7.5

521 7.5
522 7.5

522 7.5
523 7.5

523 7.5
524 7.5

524 7.5
525 7.5

525 7.5
526 7.5

526 7.5
527 8.0

527 8.0
528 8.0

528 8.0
529 8.0

529 8.0
530 7.75

530 7.75
531 7.75

531 7.75
532 9.75

532 9.75
533 11.75

533 11.75
534 13.75

534 13.75
535 14.75

535 14.75
536 15.75

536 15.75
537 16.75

537 16.75
538 16.75

538 16.75
539 16.75

539 16.75
540 16.75

540 16.75
541 16.75

541 16.75
542 16.75

542 16.75
543 16.75

543 16.75
544 16.75

544 16.75
545 16.75

545 16.75
546 16.75

546 16.75
547 16.75

547 16.75
548 16.75

548 16.75
549 16.75

549 16.75
550 18.5

550 18.5
551 19.75

551 19.75
552 20.75

552 20.75
553 21.25

553 21.25
554 22.25

554 22.25
555 22.25

555 22.25
556 22.25

556 22.25
557 22.25

557 22.25
558 22.25

558 22.25
559 22.25

559 22.25
560 22.25

560 22.25
561 22.25

561 22.25
562 22.25

562 22.25
563 22.25

563 22.25
564 22.25

564 22.25
565 23.25

565 23.25
566 24.0

566 24.0
567 24.0

567 24.0
568 24.0

568 24.0
569 24.0

569 24.0
570 24.25

570 24.25
571 24.25

571 24.25
572 24.25

572 24.25
573 24.25

573 24.25
574 24.25

574 24.25
575 24.25

575 24.25
576 24.25

576 24.25
577 24.25

577 24.25
578 24.5

578 24.5
579 21.0

579 21.0
580 21.5

580 21.5
581 21.5

581 21.5
582 21.5

582 21.5
583 21.5

583 21.5
584 21.5

584 21.5
585 21.5

585 21.5
586 21.5

586 21.5
587 17.75

587 17.75
588 17.75

588 17.75
589 17.75

589 17.75
590 17.75

590 17.75
591 17.75

591 17.75
592 17.75

592 17.75
593 17.75

593 17.75
594 17.75

594 17.75
595 17.75

595 17.75
596 13.0

596 13.0
597 13.0

597 13.0
598 13.0

598 13.0
599 13.0

599 13.0
600 13.0

600 13.0
601 13.0

601 13.0
602 13.0

602 13.0
603 13.0

603 13.0
604 13.0

604 13.0
605 13.0

605 13.0
606 10.25

606 10.25
607 10.25

607 10.25
608 10.25

608 10.25
609 10.25

609 10.25
610 10.25

610 10.25
611 10.25

611 10.25
612 10.25

612 10.25
613 10.25

613 10.25
614 10.25

614 10.25
615 10.25

615 10.25
616 10.25

616 10.25
617 10.25

617 10.25
618 10.25

618 10.25
619 4.5

619 4.5
620 4.5

620 4.5
621 4.5

621 4.5
622 4.5

622 4.5
623 4.5

623 4.5
624 4.5

624 4.5
625 4.5

625 4.5
626 4.5

626 4.5
627 4.5

627 4.5
628 4.5

628 4.5
629 2.25

629 2.25
630 2.25

630 2.25
631 2.25

631 2.25
632 2.25

632 2.25
633 1

633 1
634 1

634 1
635 1

635 1
636 2.0

636 2.0
637 1.0

637 1.0
638 2.0

638 2.0
639 1

639 1
640 1

640 1
641 1

641 1
642 1

642 1
643 1

643 1
644 1

644 1
645 1

645 1
646 1

646 1
647 1

647 1
648 1

648 1
649 1

649 1
650 1

650 1
651 1

651 1
652 1

652 1
653 1

653 1
654 1

654 1
655 1

655 1
656 2

656 2
657 2

657 2
658 3

658 3
659 2.25

659 2.25
660 3.5

660 3.5
661 3.5

661 3.5
662 3.5

662 3.5
663 3.5

663 3.5
664 3.25

664 3.25
665 3.0

665 3.0
666 3.0

666 3.0
667 3.0

667 3.0
668 3.0

668 3.0
669 3.0

669 3.0
670 3.0

670 3.0
671 3.0

671 3.0
672 3.0

672 3.0
673 2.0

673 2.0
674 2.5

674 2.5
675 2.5

675 2.5
676 2.5

676 2.5
677 2.5

677 2.5
678 3.0

678 3.0
679 4.5

679 4.5
680 4.5

680 4.5
681 4.5

681 4.5
682 4.5

682 4.5
683 4.5

683 4.5
684 4.5

684 4.5
685 4.25

685 4.25
686 4.25

686 4.25
687 4.25

687 4.25
688 4.25

688 4.25
689 4.25

689 4.25
690 5.0

690 5.0
691 5.5

691 5.5
692 6.0

692 6.0
693 6.5

693 6.5
694 6.5

694 6.5
695 6.5

695 6.5
696 7.25

696 7.25
697 7.25

697 7.25
698 7.25

698 7.25
699 7.75

699 7.75
700 8.0

700 8.0
701 8.25

701 8.25
702 9.25

702 9.25
703 9.75

703 9.75
704 9.75

704 9.75
705 9.75

705 9.75
706 9.75

706 9.75
707 9.75

707 9.75
708 9.5

708 9.5
709 10.5

709 10.5
710 10.25

710 10.25
711 9.25

711 9.25
712 9.0

712 9.0
713 8.75

713 8.75
714 8.75

714 8.75
715 8.75

715 8.75
716 9.0

716 9.0
717 9.0

717 9.0
718 9.0

718 9.0
719 9.0

719 9.0
720 9.0

720 9.0
721 8.0

721 8.0
722 8.0

722 8.0
723 8.0

723 8.0
724 7.0

724 7.0
725 6.25

725 6.25
726 6.25

726 6.25
727 6.25

727 6.25
728 6.25

728 6.25
729 6.25

729 6.25
730 6.25

730 6.25
731 6.25

731 6.25
732 6.25

732 6.25
733 6.25

733 6.25
734 4.75

734 4.75
735 3.5

735 3.5
736 3.5

736 3.5
737 3.5

737 3.5
738 3.5

738 3.5
739 3.5

739 3.5
740 3.5

740 3.5
741 3.5

741 3.5
742 3.5

742 3.5
743 1

743 1
744 1

744 1
745 1

745 1
746 1

746 1
747 1

747 1
748 1

748 1
749 1

749 1
750 2.0

750 2.0
751 3.0

751 3.0
752 4.0

752 4.0
753 5.0

753 5.0
754 5.75

754 5.75
755 6.0

755 6.0
756 6.5

756 6.5
757 6.75

757 6.75
758 6.75

758 6.75
759 6.25

759 6.25
760 6.25

760 6.25
761 6.25

761 6.25
762 6.25

762 6.25
763 6.25

763 6.25
764 6.25

764 6.25
765 6.25

765 6.25
766 6.25

766 6.25
767 6.25

767 6.25
768 6.25

768 6.25
769 6.25

769 6.25
770 6.25

770 6.25
771 6.25

771 6.25
772 6.25

772 6.25
773 6.25

773 6.25
774 6.25

774 6.25
775 3.125

775 3.125
776 3.125

776 3.125
777 3.125

777 3.125
778 3

778 3
779 2.25

779 2.25
780 2.25

780 2.25
781 2.25

781 2.25
782 2.25

782 2.25
783 2.25

783 2.25
784 2.25

784 2.25
785 2.25

785 2.25
786 2.25

786 2.25
787 1

787 1
788 1.75

788 1.75
789 2.0

789 2.0
790 3.0

790 3.0
791 2.5

791 2.5
792 3.0

792 3.0
793 3.25

793 3.25
794 3.75

794 3.75
795 3.75

795 3.75
796 3.75

796 3.75
797 3.75

797 3.75
798 3.75

798 3.75
799 3.75

799 3.75
800 3.75

800 3.75
801 3.75

801 3.75
802 3.75

802 3.75
803 3.75

803 3.75
804 4.25

804 4.25
805 2.5

805 2.5
806 3.0

806 3.0
807 3.0

807 3.0
808 3.0

808 3.0
809 3.0

809 3.0
810 3.0

810 3.0
811 3.0

811 3.0
812 1.0

812 1.0
813 1.0

813 1.0
814 1.75

814 1.75
815 1.75

815 1.75
816 3.25

816 3.25
817 4.0

817 4.0
818 4.75

818 4.75
819 4.75

819 4.75
820 4.75

820 4.75
821 4.75

821 4.75
822 4.75

822 4.75
823 6.25

823 6.25
824 6.0

824 6.0
825 6.25

825 6.25
826 6.25

826 6.25
827 6.25

827 6.25
828 6.25

828 6.25
829 6.25

829 6.25
830 6.25

830 6.25
831 6.25

831 6.25
832 6.25

832 6.25
833 5.75

833 5.75
834 6.75

834 6.75
835 6.75

835 6.75
836 6.75

836 6.75
837 6.75

837 6.75
838 5.5

838 5.5
839 5.25

839 5.25
840 5.0

840 5.0
841 5.0

841 5.0
842 5.5

842 5.5
843 5.5

843 5.5
844 5.5

844 5.5
845 5.5

845 5.5
846 5.5

846 5.5
847 5.5

847 5.5
848 5.5

848 5.5
849 5.0

849 5.0
850 4.0

850 4.0
851 3.25

851 3.25
852 2.75

852 2.75
853 2.75

853 2.75
854 2.75

854 2.75
855 2.75

855 2.75
856 2.25

856 2.25
857 2.25

857 2.25
858 2.75

858 2.75
859 3.25

859 3.25
860 3.75

860 3.75
861 4.25

861 4.25
862 4.5

862 4.5
863 5.0

863 5.0
864 5.0

864 5.0
865 5.0

865 5.0
866 5.0

866 5.0
867 5.0

867 5.0
868 4.75

868 4.75
869 4.75

869 4.75
870 4.75

870 4.75
871 4.75

871 4.75
872 4.75

872 4.75
873 4.75

873 4.75
874 5.75

874 5.75
875 5.75

875 5.75
876 5.75

876 5.75
877 7.75

877 7.75
878 7.75

878 7.75
879 7.75

879 7.75
880 7.75

880 7.75
881 9.75

881 9.75
882 10.0

882 10.0
883 10.0

883 10.0
884 10.0

884 10.0
885 10.0

885 10.0
886 10.0

886 10.0
887 11.0

887 11.0
888 11.0

888 11.0
889 11.0

889 11.0
890 11.0

890 11.0
891 11.0

891 11.0
892 11.25

892 11.25
893 11.25

893 11.25
894 11.25

894 11.25
895 11.25

895 11.25
896 11.25

896 11.25
897 11.0

897 11.0
898 11.0

898 11.0
899 10.75

899 10.75
900 10.75

900 10.75
901 10.75

901 10.75
902 10.5

902 10.5
903 10.5

903 10.5
904 10.5

904 10.5
905 10.5

905 10.5
906 10.5

906 10.5
907 10.0

907 10.0
908 9.75

908 9.75
909 10.25

909 10.25
910 7.5

910 7.5
911 7.75

911 7.75
912 7.75

912 7.75
913 7.75

913 7.75
914 7.75

914 7.75
915 7.75

915 7.75
916 7.75

916 7.75
917 7.75

917 7.75
918 7.5

918 7.5
919 7.75

919 7.75
920 7.5

920 7.5
921 7.5

921 7.5
922 7.0

922 7.0
923 7.0

923 7.0
924 7.0

924 7.0
925 7.0

925 7.0
926 7.0

926 7.0
927 7.0

927 7.0
928 7.0

928 7.0
929 6.5

929 6.5
930 6.5

930 6.5
931 6.5

931 6.5
932 7.0

932 7.0
933 7.5

933 7.5
934 7.75

934 7.75
935 7.75

935 7.75
936 7.75

936 7.75
937 7.75

937 7.75
938 9.5

938 9.5
939 10.0

939 10.0
940 10.25

940 10.25
941 10.25

941 10.25
942 10.25

942 10.25
943 10.25

943 10.25
944 10.25

944 10.25
945 10.25

945 10.25
946 10.25

946 10.25
947 10.25

947 10.25
948 10.25

948 10.25
949 10.0

949 10.0
950 10.0

950 10.0
951 10.0

951 10.0
952 10.0

952 10.0
953 10.0

953 10.0
954 10.0

954 10.0
955 10.0

955 10.0
956 10.0

956 10.0
957 10.0

957 10.0
958 8.5

958 8.5
959 8.5

959 8.5
960 8.5

960 8.5
961 8.5

961 8.5
962 8.5

962 8.5
963 9.5

963 9.5
964 9.5

964 9.5
965 10.0

965 10.0
966 11.0

966 11.0
967 11.5

967 11.5
968 11.5

968 11.5
969 11.5

969 11.5
970 11.5

970 11.5
971 12.5

971 12.5
972 12.5

972 12.5
973 12.5

973 12.5
974 13.0

974 13.0
975 13.0

975 13.0
976 13.75

976 13.75
977 13.75

977 13.75
978 13.75

978 13.75
979 14.75

979 14.75
980 14.75

980 14.75
981 14.75

981 14.75
982 14.75

982 14.75
983 15.0

983 15.0
984 15.0

984 15.0
985 15.0

985 15.0
986 15.0

986 15.0
987 15.25

987 15.25
988 15.5

988 15.5
989 15.5

989 15.5
990 15.5

990 15.5
991 16.5

991 16.5
992 16.5

992 16.5
993 16.5

993 16.5
994 17.0

994 17.0
995 16.0

995 16.0
996 16.0

996 16.0
997 16.0

997 16.0
998 16.0

998 16.0
999 16.0

999 16.0
1000 16.0

1000 16.0
1001 11.25

1001 11.25
1002 11.25

1002 11.25
1003 11.25

1003 11.25
1004 11.25

1004 11.25
1005 11.25

1005 11.25
1006 11.25

1006 11.25
1007 11.25

1007 11.25
1008 5.5

1008 5.5
1009 5.5

1009 5.5
1010 5.5

1010 5.5
1011 5.5

1011 5.5
1012 5.5

1012 5.5
1013 5.5

1013 5.5
1014 5.5

1014 5.5
1015 1.75

1015 1.75
1016 1.75

1016 1.75
1017 1.75

1017 1.75
1018 1.75

1018 1.75
1019 1.75

1019 1.75
1020 1.75

1020 1.75
1021 1.75

1021 1.75
1022 1.75

1022 1.75
1023 1.5

1023 1.5
1024 1.5

1024 1.5
1025 1.5

1025 1.5
1026 1.5

1026 1.5
1027 1.5

1027 1.5
1028 1.5

1028 1.5
1029 1.5

1029 1.5
1030 1.5

1030 1.5
1031 1.5

1031 1.5
1032 1.5

1032 1.5
1033 1.25

1033 1.25
1034 1.25

1034 1.25
1035 1.25

1035 1.25
1036 1.25

1036 1.25
1037 1.25

1037 1.25
1038 1.25

1038 1.25
1039 1.25

1039 1.25
1040 1.25

1040 1.25
1041 1.25

1041 1.25
1042 1.25

1042 1.25
1043 1.25

1043 1.25
1044 1

1044 1
1045 1

1045 1
1046 1

1046 1
1047 1

1047 1
1048 1

1048 1
1049 1

1049 1
1050 1

1050 1
1051 1

1051 1
1052 1

1052 1
1053 1

1053 1
1054 1

1054 1
1055 1

1055 1
1056 1

1056 1
1057 1

1057 1
1058 1

1058 1
1059 2

1059 2
1060 2

1060 2
1061 4

1061 4
1062 5

1062 5
1063 5

1063 5
1064 5.75

1064 5.75
1065 5.75

1065 5.75
1066 5.75

1066 5.75
1067 5.75

1067 5.75
1068 5.75

1068 5.75
1069 7.0

1069 7.0
1070 7.0

1070 7.0
1071 7.0

1071 7.0
1072 7.75

1072 7.75
1073 7.75

1073 7.75
1074 7.75

1074 7.75
1075 7.75

1075 7.75
1076 7.75

1076 7.75
1077 8.5

1077 8.5
1078 8.5

1078 8.5
1079 8.5

1079 8.5
1080 8.5

1080 8.5
1081 8.5

1081 8.5
1082 8.5

1082 8.5
1083 8.5

1083 8.5
1084 8.5

1084 8.5
1085 8.5

1085 8.5
1086 8.5

1086 8.5
1087 8.5

1087 8.5
1088 8.0

1088 8.0
1089 7.75

1089 7.75
1090 7.5

1090 7.5
1091 7.5

1091 7.5
1092 7.5

1092 7.5
1093 7.5

1093 7.5
1094 7.75

1094 7.75
1095 7.75

1095 7.75
1096 7.75

1096 7.75
1097 7.75

1097 7.75
1098 7.75

1098 7.75
1099 7.75

1099 7.75
1100 7.75

1100 7.75
1101 7.75

1101 7.75
1102 5.5

1102 5.5
1103 6.75

1103 6.75
1104 6.5

1104 6.5
1105 5.0

1105 5.0
1106 5.0

1106 5.0
1107 5.0

1107 5.0
1108 5.0

1108 5.0
1109 5.0

1109 5.0
1110 5.0

1110 5.0
1111 5.0

1111 5.0
1112 5.0

1112 5.0
1113 5.0

1113 5.0
1114 1.0

1114 1.0
1115 1.0

1115 1.0
1116 1.0

1116 1.0
1117 1.0

1117 1.0
1118 1.0

1118 1.0
1119 1.0

1119 1.0
1120 1.0

1120 1.0
1121 1

1121 1
1122 1.75

1122 1.75
1123 1.75

1123 1.75
1124 1.75

1124 1.75
1125 2.75

1125 2.75
1126 3.25

1126 3.25
1127 3.25

1127 3.25
1128 3.25

1128 3.25
1129 3.25

1129 3.25
1130 3.25

1130 3.25
1131 3.75

1131 3.75
1132 3.75

1132 3.75
1133 3.75

1133 3.75
1134 3.75

1134 3.75
1135 3.75

1135 3.75
1136 3.75

1136 3.75
1137 3.75

1137 3.75
1138 3.75

1138 3.75
1139 3.5

1139 3.5
1140 3.5

1140 3.5
1141 3.5

1141 3.5
1142 4.75

1142 4.75
1143 5.25

1143 5.25
1144 5.25

1144 5.25
1145 5.25

1145 5.25
1146 5.25

1146 5.25
1147 5.25

1147 5.25
1148 5.25

1148 5.25
1149 6.0

1149 6.0
1150 6.0

1150 6.0
1151 6.0

1151 6.0
1152 6.0

1152 6.0
1153 6.0

1153 6.0
1154 6.0

1154 6.0
1155 5.25

1155 5.25
1156 5.25

1156 5.25
1157 5.25

1157 5.25
1158 5.25

1158 5.25
1159 5.75

1159 5.75
1160 4.25

1160 4.25
1161 4.25

1161 4.25
1162 4.25

1162 4.25
1163 4.25

1163 4.25
1164 4.25

1164 4.25
1165 3.75

1165 3.75
1166 4.75

1166 4.75
1167 5.0

1167 5.0
1168 5.75

1168 5.75
1169 5.5

1169 5.5
1170 5.75

1170 5.75
1171 6.25

1171 6.25
1172 6.5

1172 6.5
1173 6.75

1173 6.75
1174 6.75

1174 6.75
1175 6.75

1175 6.75
1176 7.5

1176 7.5
1177 7.5

1177 7.5
1178 7.5

1178 7.5
1179 7.5

1179 7.5
1180 7.5

1180 7.5
1181 7.5

1181 7.5
1182 7.5

1182 7.5
1183 7.5

1183 7.5
1184 6.75

1184 6.75
1185 6.75

1185 6.75
1186 7.0

1186 7.0
1187 6.75

1187 6.75
1188 6.75

1188 6.75
1189 6.75

1189 6.75
1190 6.75

1190 6.75
1191 6.75

1191 6.75
1192 6.5

1192 6.5
1193 6.75

1193 6.75
1194 6.75

1194 6.75
1195 6.75

1195 6.75
1196 7.25

1196 7.25
1197 7.25

1197 7.25
1198 7.25

1198 7.25
1199 6.75

1199 6.75
1200 6.75

1200 6.75
1201 7.25

1201 7.25
1202 7.25

1202 7.25
1203 7.25

1203 7.25
1204 8.0

1204 8.0
1205 8.0

1205 8.0
1206 8.0

1206 8.0
1207 8.0

1207 8.0
1208 8.0

1208 8.0
1209 8.0

1209 8.0
1210 6.25

1210 6.25
1211 6.0

1211 6.0
1212 5.75

1212 5.75
1213 6.25

1213 6.25
1214 6.25

1214 6.25
1215 6.25

1215 6.25
1216 6.25

1216 6.25
1217 5.75

1217 5.75
1218 3.5

1218 3.5
1219 4.0

1219 4.0
1220 5.0

1220 5.0
1221 5.5

1221 5.5
1222 5.5

1222 5.5
1223 5.75

1223 5.75
1224 6.5

1224 6.5
1225 6.5

1225 6.5
1226 6.5

1226 6.5
1227 6.5

1227 6.5
1228 6.5

1228 6.5
1229 6.5

1229 6.5
1230 6.25

1230 6.25
1231 6.75

1231 6.75
1232 7.0

1232 7.0
1233 7.0

1233 7.0
1234 7.0

1234 7.0
1235 7.0

1235 7.0
1236 7.0

1236 7.0
1237 6.75

1237 6.75
1238 8.75

1238 8.75
1239 10.75

1239 10.75
1240 11.75

1240 11.75
1241 12.75

1241 12.75
1242 13.75

1242 13.75
1243 14.75

1243 14.75
1244 15.5

1244 15.5
1245 17.0

1245 17.0
1246 17.75

1246 17.75
1247 18.5

1247 18.5
1248 19.25

1248 19.25
1249 19.25

1249 19.25
1250 20.75

1250 20.75
1251 21.5

1251 21.5
1252 22.25

1252 22.25
1253 23.25

1253 23.25
1254 24.25

1254 24.25
1255 24.5

1255 24.5
1256 24.75

1256 24.75
1257 24.75

1257 24.75
1258 24.75

1258 24.75
1259 24.75

1259 24.75
1260 24.75

1260 24.75
1261 24.75

1261 24.75
1262 24.75

1262 24.75
1263 24.75

1263 24.75
1264 24.75

1264 24.75
1265 24.75

1265 24.75
1266 24.75

1266 24.75
1267 24.75

1267 24.75
1268 24.75

1268 24.75
1269 24.75

1269 24.75
1270 25.75

1270 25.75
1271 25.75

1271 25.75
1272 25.75

1272 25.75
1273 25.75

1273 25.75
1274 25.75

1274 25.75
1275 25.75

1275 25.75
1276 25.75

1276 25.75
1277 25.75

1277 25.75
1278 25.75

1278 25.75
1279 25.75

1279 25.75
1280 25.75

1280 25.75
1281 25.75

1281 25.75
1282 25.75

1282 25.75
1283 25.0

1283 25.0
1284 25.0

1284 25.0
1285 25.0

1285 25.0
1286 24.25

1286 24.25
1287 24.25

1287 24.25
1288 24.25

1288 24.25
1289 24.0

1289 24.0
1290 24.0

1290 24.0
1291 24.0

1291 24.0
1292 24.0

1292 24.0
1293 24.0

1293 24.0
1294 24.0

1294 24.0
1295 24.0

1295 24.0
1296 24.0

1296 24.0
1297 24.25

1297 24.25
1298 25.25

1298 25.25
1299 25.25

1299 25.25
1300 25.25

1300 25.25
1301 25.75

1301 25.75
1302 25.5

1302 25.5
1303 26.5

1303 26.5
1304 26.5

1304 26.5
1305 26.5

1305 26.5
1306 27.25

1306 27.25
1307 27.25

1307 27.25
1308 27.25

1308 27.25
1309 27.25

1309 27.25
1310 27.25

1310 27.25
1311 27.25

1311 27.25
1312 27.25

1312 27.25
1313 27.25

1313 27.25
1314 23.5

1314 23.5
1315 26.5

1315 26.5
1316 26.5

1316 26.5
1317 23.5

1317 23.5
1318 23.5

1318 23.5
1319 23.5

1319 23.5
1320 23.5

1320 23.5
1321 23.5

1321 23.5
1322 23.5

1322 23.5
1323 23.5

1323 23.5
1324 23.5

1324 23.5
1325 23.5

1325 23.5
1326 24.5

1326 24.5
1327 11.375

1327 11.375
1328 10.375

1328 10.375
1329 10.375

1329 10.375
1330 10.375

1330 10.375
1331 10.375

1331 10.375
1332 10.375

1332 10.375
1333 10.375

1333 10.375
1334 10.375

1334 10.375
1335 10.375

1335 10.375
1336 10.375

1336 10.375
1337 2.625

1337 2.625
1338 2.625

1338 2.625
1339 2.625

1339 2.625
1340 2.625

1340 2.625
1341 2.625

1341 2.625
1342 2.625

1342 2.625
1343 2.625

1343 2.625
1344 1

1344 1
1345 1

1345 1
1346 1

1346 1
1347 1

1347 1
1348 1

1348 1
1349 1

1349 1
1350 1

1350 1
1351 1

1351 1
1352 1

1352 1
1353 1

1353 1
1354 1

1354 1
1355 1

1355 1
1356 1

1356 1
1357 1

1357 1
1358 1

1358 1
1359 1

1359 1
1360 1

1360 1
1361 1

1361 1
1362 1

1362 1
1363 1

1363 1
1364 1

1364 1
1365 1

1365 1
1366 1

1366 1
1367 1

1367 1
1368 1

1368 1
1369 1

1369 1
1370 1

1370 1
1371 1

1371 1
1372 1

1372 1
1373 1

1373 1
1374 1

1374 1
1375 1

1375 1
1376 2

1376 2
1377 1.5

1377 1.5
1378 1.25

1378 1.25
1379 8.125

1379 8.125
1380 5.5625

1380 5.5625
1381 4.28125

1381 4.28125
1382 4.28125

1382 4.28125
1383 4.140625

1383 4.140625
1384 5.140625

1384 5.140625
1385 5.140625

1385 5.140625
1386 3.640625

1386 3.640625
1387 2.3203125

1387 2.3203125
1388 3.16015625

1388 3.16015625
1389 3.16015625

1389 3.16015625
1390 4.16015625

1390 4.16015625
1391 5.16015625

1391 5.16015625
1392 5.16015625

1392 5.16015625
1393 5.16015625

1393 5.16015625
1394 6.16015625

1394 6.16015625
1395 6.16015625

1395 6.16015625
1396 6.16015625

1396 6.16015625
1397 5.66015625

1397 5.66015625
1398 5.66015625

1398 5.66015625
1399 5.66015625

1399 5.66015625
1400 5.66015625

1400 5.66015625
1401 5.66015625

1401 5.66015625
1402 5.66015625

1402 5.66015625
1403 5.66015625

1403 5.66015625
1404 5.66015625

1404 5.66015625
1405 5.66015625

1405 5.66015625
1406 5.66015625

1406 5.66015625
1407 2.91015625

1407 2.91015625
1408 2.91015625

1408 2.91015625
1409 2.91015625

1409 2.91015625
1410 2.91015625

1410 2.91015625
1411 2.91015625

1411 2.91015625
1412 2.66015625

1412 2.66015625
1413 2.66015625

1413 2.66015625
1414 1.0

1414 1.0
1415 1.75

1415 1.75
1416 1.75

1416 1.75
1417 1.75

1417 1.75
1418 1.75

1418 1.75
1419 1.75

1419 1.75
1420 1.75

1420 1.75
1421 1.75

1421 1.75
1422 1.75

1422 1.75
1423 1.75

1423 1.75
1424 1.0

1424 1.0
1425 1.0

1425 1.0
1426 1.25

1426 1.25
1427 1.25

1427 1.25
1428 2.0

1428 2.0
1429 2.0

1429 2.0
1430 2.0

1430 2.0
1431 2.0

1431 2.0
1432 2.75

1432 2.75
1433 2.75

1433 2.75
1434 2.75

1434 2.75
1435 3.25

1435 3.25
1436 3.0

1436 3.0
1437 3.0

1437 3.0
1438 3.0

1438 3.0
1439 3.0

1439 3.0
1440 3.0

1440 3.0
1441 3.0

1441 3.0
1442 3.0

1442 3.0
1443 3.0

1443 3.0
1444 3.0

1444 3.0
1445 3.0

1445 3.0
1446 4.0

1446 4.0
1447 3.5

1447 3.5
1448 1.0

1448 1.0
1449 1.0

1449 1.0
1450 1.0

1450 1.0
1451 1.0

1451 1.0
1452 1.0

1452 1.0
1453 1.0

1453 1.0
1454 1.0

1454 1.0
1455 1.0

1455 1.0
1456 1.0

1456 1.0
1457 1.0

1457 1.0
1458 1

1458 1
1459 1

1459 1
1460 1

1460 1
1461 1

1461 1
1462 1

1462 1
1463 1

1463 1
1464 1

1464 1
1465 1

1465 1
1466 1

1466 1
1467 1

1467 1
1468 1

1468 1
1469 1

1469 1
1470 2.75

1470 2.75
1471 2.75

1471 2.75
1472 2.75

1472 2.75
1473 2.75

1473 2.75
1474 3.75

1474 3.75
1475 3.75

1475 3.75
1476 4.75

1476 4.75
1477 4.75

1477 4.75
1478 6.75

1478 6.75
1479 6.75

1479 6.75
1480 6.75

1480 6.75
1481 6.75

1481 6.75
1482 7.5

1482 7.5
1483 8.25

1483 8.25
1484 8.25

1484 8.25
1485 8.25

1485 8.25
1486 8.25

1486 8.25
1487 8.25

1487 8.25
1488 8.5

1488 8.5
1489 8.75

1489 8.75
1490 8.75

1490 8.75
1491 8.5

1491 8.5
1492 8.5

1492 8.5
1493 8.5

1493 8.5
1494 8.5

1494 8.5
1495 8.5

1495 8.5
1496 8.25

1496 8.25
1497 8.25

1497 8.25
1498 8.25

1498 8.25
1499 8.25

1499 8.25
1500 8.75

1500 8.75
1501 7.75

1501 7.75
1502 6.75

1502 6.75
1503 6.75

1503 6.75
1504 6.75

1504 6.75
1505 6.75

1505 6.75
1506 6.75

1506 6.75
1507 6.75

1507 6.75
1508 4.0

1508 4.0
1509 4.0

1509 4.0
1510 4.0

1510 4.0
1511 4.0

1511 4.0
1512 4.0

1512 4.0
1513 3.5

1513 3.5
1514 4.5

1514 4.5
1515 2.0

1515 2.0
1516 2.25

1516 2.25
1517 2.25

1517 2.25
1518 2.25

1518 2.25
1519 2.25

1519 2.25
1520 2.25

1520 2.25
1521 2.0

1521 2.0
1522 2.0

1522 2.0
1523 2.0

1523 2.0
1524 2

1524 2
1525 2.75

1525 2.75
1526 4.25

1526 4.25
1527 5.0

1527 5.0
1528 5.5

1528 5.5
1529 5.75

1529 5.75
1530 5.75

1530 5.75
1531 5.75

1531 5.75
1532 5.75

1532 5.75
1533 5.75

1533 5.75
1534 5.75

1534 5.75
1535 5.75

1535 5.75
1536 6.5

1536 6.5
1537 7.0

1537 7.0
1538 7.0

1538 7.0
1539 7.0

1539 7.0
1540 7.75

1540 7.75
1541 7.75

1541 7.75
1542 7.75

1542 7.75
1543 7.75

1543 7.75
1544 7.75

1544 7.75
1545 7.75

1545 7.75
1546 7.0

1546 7.0
1547 6.5

1547 6.5
1548 5.75

1548 5.75
1549 5.0

1549 5.0
1550 5.0

1550 5.0
1551 5.0

1551 5.0
1552 5.0

1552 5.0
1553 5.0

1553 5.0
1554 5.0

1554 5.0
1555 5.0

1555 5.0
1556 4.25

1556 4.25
1557 1.25

1557 1.25
1558 1.25

1558 1.25
1559 1.25

1559 1.25
1560 1.25

1560 1.25
1561 1.25

1561 1.25
1562 1.25

1562 1.25
1563 1.25

1563 1.25
1564 1.25

1564 1.25
1565 1.5

1565 1.5
1566 2.5

1566 2.5
1567 2.0

1567 2.0
1568 2.0

1568 2.0
1569 2.25

1569 2.25
1570 2.25

1570 2.25
1571 2.25

1571 2.25
1572 2.25

1572 2.25
1573 3.0

1573 3.0
1574 3.0

1574 3.0
1575 3.0

1575 3.0
1576 3.0

1576 3.0
1577 3.0

1577 3.0
1578 3.0

1578 3.0
1579 3.0

1579 3.0
1580 3.0

1580 3.0
1581 2.25

1581 2.25
1582 2.25

1582 2.25
1583 2.25

1583 2.25
1584 2.25

1584 2.25
1585 1.25

1585 1.25
1586 2.75

1586 2.75
1587 3.75

1587 3.75
1588 3.75

1588 3.75
1589 3.75

1589 3.75
1590 4.75

1590 4.75
1591 4.75

1591 4.75
1592 5.25

1592 5.25
1593 5.25

1593 5.25
1594 5.25

1594 5.25
1595 6.25

1595 6.25
1596 6.25

1596 6.25
1597 6.25

1597 6.25
1598 6.25

1598 6.25
1599 6.25

1599 6.25
1600 6.25

1600 6.25
1601 6.25

1601 6.25
1602 6.0

1602 6.0
1603 6.25

1603 6.25
1604 5.5

1604 5.5
1605 6.5

1605 6.5
1606 6.5

1606 6.5
1607 6.5

1607 6.5
1608 4.5

1608 4.5
1609 4.5

1609 4.5
1610 4.5

1610 4.5
1611 4.5

1611 4.5
1612 4.5

1612 4.5
1613 4.5

1613 4.5
1614 4.5

1614 4.5
1615 4.5

1615 4.5
1616 3.75

1616 3.75
1617 1

1617 1
1618 1.25

1618 1.25
1619 1.25

1619 1.25
1620 1.25

1620 1.25
1621 1.25

1621 1.25
1622 1.25

1622 1.25
1623 1.25

1623 1.25
1624 1.25

1624 1.25
1625 1.25

1625 1.25
1626 1.25

1626 1.25
1627 1.25

1627 1.25
1628 1

1628 1
1629 1

1629 1
1630 1

1630 1
1631 1

1631 1
1632 1

1632 1
1633 1

1633 1
1634 1

1634 1
1635 1

1635 1
1636 1

1636 1
1637 1

1637 1
1638 1

1638 1
1639 1

1639 1
1640 1

1640 1
1641 1

1641 1
1642 1

1642 1
1643 1

1643 1
1644 1

1644 1
1645 1

1645 1
1646 1

1646 1
1647 1

1647 1
1648 1

1648 1
1649 2.25

1649 2.25
1650 2.25

1650 2.25
1651 2.25

1651 2.25
1652 2.25

1652 2.25
1653 2.25

1653 2.25
1654 3.0

1654 3.0
1655 3.75

1655 3.75
1656 3.75

1656 3.75
1657 4.5

1657 4.5
1658 4.5

1658 4.5
1659 5.75

1659 5.75
1660 5.75

1660 5.75
1661 5.75

1661 5.75
1662 6.0

1662 6.0
1663 6.5

1663 6.5
1664 6.5

1664 6.5
1665 6.5

1665 6.5
1666 6.5

1666 6.5
1667 6.5

1667 6.5
1668 6.5

1668 6.5
1669 6.5

1669 6.5
1670 6.75

1670 6.75
1671 6.75

1671 6.75
1672 6.75

1672 6.75
1673 7.0

1673 7.0
1674 6.75

1674 6.75
1675 6.5

1675 6.5
1676 5.5

1676 5.5
1677 5.75

1677 5.75
1678 5.75

1678 5.75
1679 5.75

1679 5.75
1680 5.75

1680 5.75
1681 5.75

1681 5.75
1682 5.75

1682 5.75
1683 5.75

1683 5.75
1684 6.25

1684 6.25
1685 5.75

1685 5.75
1686 5.25

1686 5.25
1687 4.75

1687 4.75
1688 4.0

1688 4.0
1689 4.0

1689 4.0
1690 4.0

1690 4.0
1691 4.0

1691 4.0
1692 4.0

1692 4.0
1693 4.0

1693 4.0
1694 4.5

1694 4.5
1695 4.5

1695 4.5
1696 4.5

1696 4.5
1697 4.5

1697 4.5
1698 3.75

1698 3.75
1699 5.25

1699 5.25
1700 5.25

1700 5.25
1701 5.25

1701 5.25
1702 5.25

1702 5.25
1703 6.75

1703 6.75
1704 7.5

1704 7.5
1705 7.5

1705 7.5
1706 7.5

1706 7.5
1707 7.5

1707 7.5
1708 7.75

1708 7.75
1709 8.25

1709 8.25
1710 8.25

1710 8.25
1711 8.25

1711 8.25
1712 8.25

1712 8.25
1713 8.25

1713 8.25
1714 8.25

1714 8.25
1715 7.75

1715 7.75
1716 8.0

1716 8.0
1717 7.25

1717 7.25
1718 7.75

1718 7.75
1719 8.25

1719 8.25
1720 8.25

1720 8.25
1721 8.25

1721 8.25
1722 7.5

1722 7.5
1723 7.5

1723 7.5
1724 7.5

1724 7.5
1725 7.5

1725 7.5
1726 7.5

1726 7.5
1727 7.5

1727 7.5
1728 5.5

1728 5.5
1729 3.75

1729 3.75
1730 3.75

1730 3.75
1731 3.75

1731 3.75
1732 3.75

1732 3.75
1733 3.75

1733 3.75
1734 3.75

1734 3.75
1735 3.75

1735 3.75
1736 3.75

1736 3.75
1737 3.75

1737 3.75
1738 1

1738 1
1739 1

1739 1
1740 1

1740 1
1741 1

1741 1
1742 1

1742 1
1743 1

1743 1
1744 1

1744 1
1745 1

1745 1
1746 1

1746 1
1747 2

1747 2
1748 2

1748 2
1749 3

1749 3
1750 3

1750 3
1751 3

1751 3
1752 4

1752 4
1753 4

1753 4
1754 6.75

1754 6.75
1755 6.75

1755 6.75
1756 6.75

1756 6.75
1757 6.75

1757 6.75
1758 6.75

1758 6.75
1759 6.75

1759 6.75
1760 7.5

1760 7.5
1761 7.5

1761 7.5
1762 8.75

1762 8.75
1763 9.5

1763 9.5
1764 9.5

1764 9.5
1765 9.5

1765 9.5
1766 9.5

1766 9.5
1767 9.5

1767 9.5
1768 10.75

1768 10.75
1769 10.75

1769 10.75
1770 10.75

1770 10.75
1771 10.75

1771 10.75
1772 10.75

1772 10.75
1773 10.75

1773 10.75
1774 10.75

1774 10.75
1775 10.75

1775 10.75
1776 10.75

1776 10.75
1777 10.75

1777 10.75
1778 10.75

1778 10.75
1779 8.75

1779 8.75
1780 8.75

1780 8.75
1781 9.25

1781 9.25
1782 8.0

1782 8.0
1783 8.0

1783 8.0
1784 8.0

1784 8.0
1785 8.0

1785 8.0
1786 8.0

1786 8.0
1787 8.0

1787 8.0
1788 8.0

1788 8.0
1789 8.0

1789 8.0
1790 7.0

1790 7.0
1791 4.25

1791 4.25
1792 4.25

1792 4.25
1793 4.25

1793 4.25
1794 4.25

1794 4.25
1795 4.25

1795 4.25
1796 4.25

1796 4.25
1797 4.25

1797 4.25
1798 4.25

1798 4.25
1799 4.25

1799 4.25
1800 1

1800 1
1801 1.25

1801 1.25
1802 1.25

1802 1.25
1803 1.25

1803 1.25
1804 1.25

1804 1.25
1805 1.25

1805 1.25
1806 1.25

1806 1.25
1807 1.25

1807 1.25
1808 1.25

1808 1.25
1809 1.25

1809 1.25
1810 1

1810 1
1811 1.75

1811 1.75
1812 1.75

1812 1.75
1813 1.75

1813 1.75
1814 2.75

1814 2.75
1815 2.75

1815 2.75
1816 2.75

1816 2.75
1817 3.5

1817 3.5
1818 3.5

1818 3.5
1819 3.5

1819 3.5
1820 4.25

1820 4.25
1821 4.25

1821 4.25
1822 4.25

1822 4.25
1823 4.25

1823 4.25
1824 4.25

1824 4.25
1825 4.25

1825 4.25
1826 4.25

1826 4.25
1827 3.5

1827 3.5
1828 3.5

1828 3.5
1829 3.5

1829 3.5
1830 4.0

1830 4.0
1831 4.0

1831 4.0
1832 4.0

1832 4.0
1833 4.0

1833 4.0
1834 5.0

1834 5.0
1835 5.0

1835 5.0
1836 5.0

1836 5.0
1837 5.5

1837 5.5
1838 5.5

1838 5.5
1839 5.5

1839 5.5
1840 5.5

1840 5.5
1841 5.75

1841 5.75
1842 5.75

1842 5.75
1843 5.75

1843 5.75
1844 4.75

1844 4.75
1845 5.5

1845 5.5
1846 5.5

1846 5.5
1847 5.75

1847 5.75
1848 5.75

1848 5.75
1849 5.75

1849 5.75
1850 5.75

1850 5.75
1851 5.75

1851 5.75
1852 5.75

1852 5.75
1853 5.75

1853 5.75
1854 5.75

1854 5.75
1855 5.75

1855 5.75
1856 4.25

1856 4.25
1857 4.25

1857 4.25
1858 2.0

1858 2.0
1859 2.0

1859 2.0
1860 2.0

1860 2.0
1861 2.0

1861 2.0
1862 2.0

1862 2.0
1863 2.0

1863 2.0
1864 1

1864 1
1865 1

1865 1
1866 1.5

1866 1.5
1867 2.25

1867 2.25
1868 2.25

1868 2.25
1869 2.25

1869 2.25
1870 2.25

1870 2.25
1871 2.25

1871 2.25
1872 2.25

1872 2.25
1873 2.0

1873 2.0
1874 2.0

1874 2.0
1875 2.5

1875 2.5
1876 2.5

1876 2.5
1877 2.0

1877 2.0
1878 2.25

1878 2.25
1879 2.75

1879 2.75
1880 3.25

1880 3.25
1881 3.0

1881 3.0
1882 3.0

1882 3.0
1883 3.5

1883 3.5
1884 3.5

1884 3.5
1885 3.5

1885 3.5
1886 3.5

1886 3.5
1887 3.5

1887 3.5
1888 3.5

1888 3.5
1889 3.0

1889 3.0
1890 4.0

1890 4.0
1891 3.0

1891 3.0
1892 4.0

1892 4.0
1893 2.25

1893 2.25
1894 3.0

1894 3.0
1895 3.5

1895 3.5
1896 3.5

1896 3.5
1897 4.0

1897 4.0
1898 4.5

1898 4.5
1899 4.5

1899 4.5
1900 5.5

1900 5.5
1901 6.0

1901 6.0
1902 6.0

1902 6.0
1903 6.0

1903 6.0
1904 6.75

1904 6.75
1905 6.75

1905 6.75
1906 6.75

1906 6.75
1907 6.75

1907 6.75
1908 6.75

1908 6.75
1909 7.0

1909 7.0
1910 7.0

1910 7.0
1911 7.25

1911 7.25
1912 7.5

1912 7.5
1913 7.5

1913 7.5
1914 7.5

1914 7.5
1915 8.25

1915 8.25
1916 8.25

1916 8.25
1917 8.25

1917 8.25
1918 9.25

1918 9.25
1919 9.25

1919 9.25
1920 8.25

1920 8.25
1921 8.25

1921 8.25
1922 9.25

1922 9.25
1923 9.0

1923 9.0
1924 9.0

1924 9.0
1925 9.0

1925 9.0
1926 9.0

1926 9.0
1927 9.5

1927 9.5
1928 8.5

1928 8.5
1929 4.25

1929 4.25
1930 3.375

1930 3.375
1931 2.875

1931 2.875
1932 2.875

1932 2.875
1933 2.875

1933 2.875
1934 2.875

1934 2.875
1935 1

1935 1
1936 1

1936 1
1937 1.75

1937 1.75
1938 1.75

1938 1.75
1939 1.75

1939 1.75
1940 1.75

1940 1.75
1941 1.75

1941 1.75
1942 1.75

1942 1.75
1943 1.75

1943 1.75
1944 1.75

1944 1.75
1945 1

1945 1
1946 1

1946 1
1947 1.5

1947 1.5
1948 1.0

1948 1.0
1949 1

1949 1
1950 1

1950 1
1951 1

1951 1
1952 1

1952 1
1953 1

1953 1
1954 1

1954 1
1955 1

1955 1
1956 1

1956 1
1957 2

1957 2
1958 1

1958 1
1959 1

1959 1
1960 2.5

1960 2.5
1961 3.25

1961 3.25
1962 3.25

1962 3.25
1963 3.25

1963 3.25
1964 3.25

1964 3.25
1965 3.25

1965 3.25
1966 4.0

1966 4.0
1967 5.5

1967 5.5
1968 5.5

1968 5.5
1969 5.5

1969 5.5
1970 5.5

1970 5.5
1971 6.25

1971 6.25
1972 6.25

1972 6.25
1973 8.0

1973 8.0
1974 8.0

1974 8.0
1975 8.0

1975 8.0
1976 8.5

1976 8.5
1977 8.5

1977 8.5
1978 8.75

1978 8.75
1979 9.75

1979 9.75
1980 9.25

1980 9.25
1981 9.75

1981 9.75
1982 9.75

1982 9.75
1983 9.75

1983 9.75
1984 9.75

1984 9.75
1985 9.75

1985 9.75
1986 9.75

1986 9.75
1987 9.75

1987 9.75
1988 9.25

1988 9.25
1989 9.75

1989 9.75
1990 10.0

1990 10.0
1991 9.0

1991 9.0
1992 8.0

1992 8.0
1993 8.0

1993 8.0
1994 8.0

1994 8.0
1995 8.0

1995 8.0
1996 8.0

1996 8.0
1997 8.0

1997 8.0
1998 8.0

1998 8.0
1999 7.5

1999 7.5
2000 6.0

2000 6.0
2001 5.25

2001 5.25
2002 5.25

2002 5.25
2003 5.25

2003 5.25
2004 5.25

2004 5.25
2005 5.25

2005 5.25
2006 5.25

2006 5.25
2007 5.25

2007 5.25
2008 5.25

2008 5.25
2009 3.5

2009 3.5
2010 3.5

2010 3.5
2011 3.5

2011 3.5
2012 3.5

2012 3.5
2013 3.5

2013 3.5
2014 3.5

2014 3.5
2015 3.5

2015 3.5
2016 3.5

2016 3.5
