0
2
3
4
5
6
7
8
9
10
11
12
13
14
15
16
17
18
19
20
21
22
23
24
25
26
27
36
37
38
39
40
41
42
43
48
49
50
55
56
57
84
85
86
87
90
91
92
93
94
95
96
98
99
100
101
103
104
105
106
147
148
149
150
169
170
171
172
182
183
184
185
200
201
202
203
230
231
232
233
250
251
252
253
278
279
280
281
290
291
293
302
303
304
305
340
341
357
358
359
360
379
380
381
382
408
409
410
411
559
560
561
578
579
580
584
585
586
587
594
595
596
603
604
605
606
623
625
626
664
665
666
667
689
690
691
692
699
700
701
702
722
723
724
752
753
754
755
777
778
780
799
800
801
802
814
815
816
817
856
857
858
859
871
872
893
895
896
938
939
940
941
946
948
949
950
951
952
953
960
961
970
971
972
973
975
976
977
989
990
991
992
993
994
995
996
997
998
999
