0
1
2
3
5
6
7
8
9
10
11
12
13
14
15
17
18
19
20
10
7
4
2
21
16
12
10
4
19
24
2
7
10
4
25
26
27
28
29
30
31
32
33
34
35
26
23
12
22
19
36
37
33
26
31
23
38
39
40
22
42
43
44
45
46
47
49
50
51
52
53
54
55
48
43
42
41
31
33
56
57
58
41
48
43
42
59
60
61
62
63
64
66
67
68
69
70
71
72
58
56
73
74
43
31
42
48
67
75
76
77
70
78
69
68
79
56
65
77
65
69
68
70
80
81
82
83
84
86
87
89
90
92
93
94
95
96
98
99
100
101
102
91
88
85
80
77
65
58
103
104
105
106
97
96
94
85
80
91
88
98
88
85
91
97
80
94
102
98
96
80
94
85
97
107
108
109
110
111
112
106
102
98
96
94
97
113
114
115
116
117
118
119
120
121
122
123
124
114
113
110
96
125
126
127
129
130
131
132
133
134
128
121
113
114
135
136
137
138
139
140
141
142
143
144
145
146
147
148
150
151
153
154
155
156
157
158
159
160
161
137
139
121
128
162
163
147
149
148
145
139
142
128
137
164
153
152
145
142
137
128
139
150
148
147
142
137
152
149
153
139
150
148
128
147
145
147
153
139
142
128
152
149
148
147
145
142
137
128
150
148
152
149
153
139
165
166
167
168
169
166
170
165
163
164
145
142
153
139
150
148
152
149
171
174
175
176
177
178
179
180
181
174
172
165
166
164
163
182
183
184
185
186
179
187
173
172
174
188
189
191
193
194
195
189
187
186
184
173
178
196
192
184
189
178
190
187
197
198
199
200
201
202
203
198
190
187
178
192
189
204
205
206
207
208
209
211
212
213
214
215
216
217
218
219
220
221
210
198
195
192
222
223
224
225
226
227
217
205
192
210
212
228
229
230
231
232
233
234
235
225
221
210
212
205
192
217
236
237
238
239
240
241
242
243
244
234
225
221
245
246
247
248
249
250
252
253
255
256
257
258
246
243
239
231
234
259
260
261
262
263
264
265
266
251
234
246
243
267
268
257
246
239
243
234
254
269
270
271
272
273
274
275
254
251
257
276
277
279
280
281
282
283
284
285
286
288
290
291
293
294
295
296
297
298
300
301
302
303
304
305
306
308
309
310
311
312
313
314
315
289
287
280
278
254
257
316
317
318
319
292
278
289
287
290
298
290
280
292
287
278
295
291
280
291
290
299
292
287
278
298
306
305
304
298
295
291
287
278
280
299
292
289
280
299
292
289
295
291
290
305
306
304
298
312
313
314
315
316
317
318
318
319
310
304
305
298
291
290
307
299
319
292
287
278
289
321
322
323
324
325
326
327
328
329
330
323
322
321
320
307
310
331
332
333
334
335
336
337
332
327
322
323
320
321
338
339
340
341
342
343
344
345
346
347
348
349
350
351
352
353
354
355
356
342
338
327
332
358
359
360
361
362
363
364
338
349
342
334
347
365
366
367
358
357
356
334
349
347
354
342
368
369
358
349
347
357
354
361
358
349
354
357
356
364
370
371
372
373
374
375
376
377
378
379
380
377
376
381
383
384
385
386
375
372
364
380
361
354
349
387
388
382
383
376
372
375
377
373
389
391
393
394
395
396
390
387
383
372
373
397
398
399
400
394
393
392
390
387
383
401
402
403
404
405
406
407
409
410
411
412
413
408
406
407
400
387
393
394
415
416
417
418
419
420
421
422
413
412
414
400
408
407
406
423
424
412
413
426
427
428
429
430
431
432
433
428
425
412
417
414
434
435
436
437
439
440
441
442
443
444
445
446
447
448
449
450
451
452
453
455
456
457
442
438
436
428
425
458
459
460
461
463
447
438
436
442
464
465
466
457
454
442
452
447
467
468
469
470
471
462
459
457
452
454
447
473
474
476
477
478
479
480
481
482
475
474
472
471
452
462
454
459
457
484
485
486
487
488
489
490
491
492
475
472
471
474
493
494
495
496
497
498
499
500
501
502
505
506
507
508
489
509
510
511
512
513
514
515
516
517
518
519
520
521
522
503
501
500
502
489
483
489
483
502
501
500
502
504
503
483
501
500
511
509
504
483
502
501
500
503
511
514
513
483
503
502
501
500
504
483
511
509
516
502
501
500
514
513
503
504
520
513
519
516
501
500
514
511
509
502
504
503
483
522
523
524
525
526
527
529
530
531
532
533
534
535
536
537
538
539
540
541
530
528
525
519
516
513
503
502
501
500
542
543
544
545
546
547
548
538
534
530
527
528
525
549
550
543
541
528
527
538
525
540
546
538
539
534
541
543
552
553
554
555
556
557
558
559
560
561
553
551
540
546
543
562
563
564
565
566
567
568
569
570
571
573
564
563
551
557
553
574
575
576
577
578
572
561
557
563
579
580
581
582
584
585
586
587
588
589
590
577
591
575
592
557
561
593
594
595
596
597
588
577
575
583
598
599
600
601
602
603
604
605
606
607
608
598
596
593
591
583
588
609
610
611
612
598
593
613
614
615
616
617
618
612
606
598
596
593
591
619
620
621
622
623
624
625
626
627
628
629
630
631
632
633
634
635
636
637
638
639
640
641
642
643
638
646
647
637
648
626
649
612
650
606
652
653
654
655
656
657
658
659
660
661
662
663
664
665
666
667
668
669
670
671
645
644
641
638
637
673
675
676
677
679
680
682
683
684
686
655
651
641
626
645
644
687
688
689
663
641
645
644
659
655
651
690
691
663
641
669
659
651
645
655
644
645
644
659
655
641
662
674
672
641
651
644
662
663
655
677
662
663
659
655
674
672
651
670
670
687
683
677
663
672
685
681
678
674
671
673
675
682
684
692
686
693
694
690
691
696
697
698
699
700
701
702
695
690
692
689
683
685
681
678
677
672
705
700
689
692
690
695
706
704
703
690
700
695
692
689
701
709
711
712
714
716
717
718
719
720
715
714
713
710
708
707
703
701
706
705
721
718
717
715
713
710
708
707
716
714
706
722
716
714
706
717
713
710
708
707
723
724
725
726
728
729
730
731
732
733
734
735
736
737
738
739
740
741
742
743
744
745
728
727
718
746
747
748
749
750
740
739
731
728
727
751
727
731
728
740
739
752
753
754
755
751
750
740
739
746
757
758
759
760
761
762
763
764
765
766
767
768
769
770
771
772
773
761
760
756
751
750
774
775
776
761
766
760
756
777
770
761
766
760
756
767
765
764
778
780
781
782
783
784
785
786
779
777
770
765
764
766
767
787
788
789
790
791
795
796
797
798
799
800
789
786
779
770
801
802
803
804
805
806
799
798
796
789
786
794
793
792
801
805
801
796
799
800
798
786
794
793
807
796
786
805
803
801
799
800
798
794
793
792
800
794
793
792
796
786
798
808
808
809
810
811
812
813
814
815
816
818
819
820
821
822
814
823
813
807
800
805
786
824
825
826
827
828
829
820
819
817
814
807
830
831
832
833
834
825
824
817
823
820
819
835
836
837
838
840
841
842
843
844
845
846
847
848
849
839
831
825
824
823
817
850
851
852
854
855
856
845
843
842
831
839
840
857
848
853
847
845
843
842
840
831
839
853
847
843
842
840
848
857
858
859
860
861
862
863
864
865
866
867
868
869
870
871
872
874
875
876
877
878
879
880
868
864
862
853
843
840
848
847
881
882
883
884
873
872
862
864
867
866
885
877
864
862
875
873
867
866
862
864
872
868
875
873
867
866
886
888
889
890
891
892
893
894
895
887
873
872
877
875
896
897
898
899
900
901
902
903
905
896
887
906
908
909
910
911
912
906
904
896
887
913
914
899
891
915
916
910
909
899
906
907
904
918
919
920
916
909
904
899
907
921
922
923
924
925
926
927
928
929
930
924
910
916
917
932
933
934
935
936
937
939
940
941
942
943
944
945
931
924
919
918
946
947
948
949
950
951
952
953
954
955
956
958
943
931
919
952
960
938
948
943
919
961
962
963
959
958
957
938
919
948
955
943
965
966
967
968
969
964
963
955
959
957
958
970
971
972
973
974
975
976
977
978
979
980
981
982
983
984
985
986
987
988
989
990
991
992
993
981
979
978
969
958
963
994
995
996
997
984
983
981
979
978
969
998
999
