0
2
3
4
6
9
11
12
13
14
10
8
7
6
5
3
2
1
0
15
17
18
19
20
21
22
23
24
25
27
28
19
17
10
18
14
3
1
12
0
24
23
20
16
10
15
12
1
6
0
14
19
8
28
18
17
5
3
30
31
33
34
36
38
39
35
33
32
31
30
28
29
27
22
21
18
14
8
40
41
39
1
16
24
42
43
44
45
46
47
48
43
41
40
38
28
35
47
32
37
33
30
49
50
51
52
53
54
55
57
59
60
62
63
58
56
55
53
54
52
51
40
50
30
49
26
41
64
66
67
68
69
62
55
53
50
30
60
49
26
54
52
67
40
58
71
72
74
75
70
53
43
30
67
66
68
52
62
76
60
77
59
80
81
82
84
84
85
87
88
89
90
85
83
82
79
73
65
61
77
76
75
68
67
56
91
92
93
98
99
100
94
96
95
93
74
82
99
77
81
76
79
65
61
103
104
105
101
92
88
98
106
94
105
90
86
107
109
110
111
112
113
116
118
119
120
121
122
123
124
127
117
115
113
112
111
109
97
78
108
102
103
128
129
130
131
133
135
136
137
138
139
140
130
127
126
125
117
97
123
109
124
121
115
112
133
111
142
145
139
124
108
127
121
126
131
147
148
123
140
132
141
139
151
153
154
155
156
157
159
161
157
154
153
152
146
144
143
150
147
163
123
160
164
165
167
168
169
170
171
159
157
123
149
146
144
143
134
114
156
155
168
152
158
154
153
172
173
174
175
176
177
179
181
182
184
185
186
187
188
190
191
192
182
181
183
180
178
177
176
175
193
172
194
170
195
186
162
190
178
166
162
158
168
186
185
182
184
183
177
175
198
199
201
202
203
196
197
195
187
158
186
185
184
176
172
189
170
205
206
207
208
211
212
213
214
215
216
217
218
219
220
210
209
207
206
205
202
172
192
190
200
196
189
221
222
226
227
228
230
231
232
233
234
204
225
224
222
221
218
197
216
215
200
192
213
209
206
202
236
239
240
218
217
207
233
222
221
215
213
205
192
223
229
228
227
225
224
237
241
242
243
244
245
246
242
239
238
236
221
245
237
232
228
227
209
235
229
234
223
249
250
251
250
249
248
247
244
234
243
254
255
256
257
260
261
264
265
263
262
260
259
267
258
257
266
244
255
249
246
236
248
239
253
252
251
269
270
271
272
273
275
276
272
273
239
271
268
258
278
253
279
252
263
262
255
277
249
257
277
281
282
283
284
285
287
288
290
291
292
293
296
286
283
281
280
279
276
271
264
262
257
291
249
277
274
275
273
272
298
300
301
302
297
295
292
287
279
283
282
300
276
265
291
290
278
286
280
274
303
304
306
308
309
311
312
313
311
310
307
304
302
292
271
301
291
280
299
297
295
294
316
317
318
319
320
321
323
324
326
327
328
329
330
322
321
289
318
315
310
305
314
301
292
312
332
333
336
337
338
339
334
331
330
317
313
292
327
326
321
325
315
314
305
334
289
324
340
341
342
341
343
344
346
347
348
349
351
324
345
318
316
336
327
333
332
335
334
331
352
354
356
358
359
360
361
362
363
364
352
350
335
314
336
333
344
338
330
316
345
365
367
368
369
370
365
364
363
360
356
358
357
352
342
314
350
354
353
351
344
371
373
374
369
375
376
377
378
380
381
382
383
384
374
371
355
364
360
353
381
385
365
359
358
366
357
381
386
387
388
389
385
384
386
383
371
381
392
376
374
367
379
372
395
396
397
398
401
398
397
395
394
392
386
387
401
391
383
379
403
404
406
407
408
409
410
411
408
406
407
405
403
398
410
402
400
394
390
397
392
388
413
414
415
416
417
419
420
422
423
424
425
426
427
428
420
407
402
419
418
413
393
412
408
429
409
424
399
426
430
429
427
425
408
409
420
407
402
431
421
431
432
419
418
431
414
433
434
435
437
439
440
441
442
443
444
446
439
436
435
434
433
430
422
420
429
427
450
451
447
440
434
446
438
450
436
444
432
430
427
420
443
453
454
455
456
458
460
462
457
456
455
452
451
430
450
442
434
429
449
447
445
438
448
443
460
463
464
463
465
466
467
468
469
470
471
472
468
463
461
474
445
456
470
457
458
455
450
448
444
432
475
476
477
478
479
480
481
484
485
486
487
488
491
494
483
480
486
479
478
477
475
459
470
468
458
490
459
489
478
477
473
485
483
481
480
475
474
472
479
496
497
477
495
493
490
459
484
479
473
492
485
483
482
475
491
498
499
489
488
500
502
504
506
507
508
502
501
500
477
499
497
494
492
474
496
491
509
510
511
513
514
515
516
518
519
520
514
513
512
503
510
502
474
508
500
499
505
523
524
522
521
520
519
502
514
511
508
517
505
515
513
527
528
529
530
532
535
536
537
539
533
532
531
529
528
525
524
520
536
523
519
502
533
531
537
513
536
524
535
525
523
519
540
534
529
528
541
542
543
547
544
548
550
551
552
549
553
554
551
548
526
546
543
542
545
544
513
538
555
556
557
558
559
560
561
562
564
565
566
567
570
571
575
566
565
563
562
560
559
558
556
553
547
544
568
572
577
572
560
575
559
558
553
571
570
569
567
546
568
566
562
561
578
579
581
582
584
585
586
587
579
580
577
576
567
562
551
546
574
572
569
568
571
570
564
563
591
592
593
594
597
591
587
581
571
564
582
570
562
583
580
576
598
599
600
602
603
604
606
607
608
609
599
597
600
580
596
590
589
588
573
587
582
603
581
577
564
592
610
596
589
573
604
594
577
602
600
592
603
595
601
609
599
611
612
611
613
614
616
617
618
616
619
621
622
619
618
605
615
610
608
609
606
604
623
624
625
628
629
631
632
633
629
628
627
623
622
619
610
618
614
620
615
634
635
636
637
638
637
636
635
634
633
632
607
623
618
642
622
619
610
630
626
620
645
646
648
649
650
651
647
646
645
644
643
630
640
638
652
653
654
655
656
657
658
661
662
663
664
658
656
653
650
651
647
646
661
640
638
665
666
665
665
667
668
670
671
672
666
665
664
663
645
661
653
651
649
643
660
641
673
673
674
675
676
677
679
681
682
683
679
677
674
675
672
660
641
681
639
668
665
664
659
667
685
684
686
687
689
690
691
692
694
695
686
687
685
684
667
674
672
668
665
656
681
680
678
669
659
679
675
698
699
703
704
698
696
695
687
686
685
680
678
669
683
691
690
707
703
698
695
694
691
709
690
702
696
693
688
701
679
700
699
710
712
713
714
715
711
707
692
688
700
679
704
706
705
701
716
717
718
721
722
724
697
717
722
716
715
713
701
711
707
700
726
727
728
729
731
732
733
734
729
730
728
717
701
727
725
724
715
723
721
719
716
736
737
738
739
740
741
742
743
744
745
746
742
741
740
739
738
737
729
715
736
735
720
708
731
717
701
730
744
727
723
748
751
752
753
754
755
751
749
748
741
738
731
728
753
740
723
744
742
739
730
729
756
758
761
762
764
765
723
763
757
750
756
755
737
715
754
745
738
751
766
768
770
771
772
774
775
771
737
768
745
767
764
760
759
757
750
747
774
776
778
779
781
782
784
785
783
782
780
771
764
778
773
769
785
759
747
772
768
767
788
789
790
791
794
795
798
799
800
794
793
791
792
789
790
787
777
786
775
772
768
785
782
780
771
764
797
802
804
805
806
807
801
799
789
788
785
784
771
793
787
777
786
772
804
797
795
792
791
790
804
809
812
810
808
807
814
815
797
813
784
801
802
796
795
794
789
816
817
818
819
820
821
823
824
825
826
827
821
822
819
818
806
815
802
813
803
796
811
831
832
833
834
835
836
838
839
841
842
843
844
845
846
847
848
849
838
837
836
835
834
831
828
829
827
822
821
818
816
813
851
823
853
854
836
827
818
839
838
834
829
806
844
843
842
831
823
856
859
861
862
858
860
857
856
855
852
830
845
851
846
843
860
848
844
839
829
850
840
864
864
867
868
869
871
872
866
865
864
863
862
830
860
850
848
829
873
870
858
857
851
874
875
876
877
878
873
872
871
859
851
870
863
869
866
829
867
865
856
879
880
881
882
883
887
889
890
892
893
894
895
896
898
890
889
887
883
882
881
866
886
884
877
856
878
899
900
902
903
904
906
908
909
910
901
897
885
884
878
877
871
868
856
887
904
886
881
911
912
913
908
914
907
868
856
912
905
888
885
903
889
896
894
915
917
918
919
920
921
925
926
919
917
916
891
915
913
905
903
912
925
889
929
883
910
909
933
932
930
928
927
935
917
934
910
909
922
916
891
936
937
938
939
940
941
943
944
946
947
948
949
944
940
942
941
937
935
917
914
910
909
924
923
950
931
927
952
953
954
955
956
957
958
959
960
962
964
965
966
967
954
953
937
917
951
949
944
940
945
968
942
931
962
970
972
974
975
976
977
978
979
980
917
971
970
968
967
949
975
962
941
951
945
960
950
980
979
978
969
917
976
975
971
983
968
967
960
970
941
973
985
986
989
990
991
992
994
995
997
998
999
993
990
986
985
988
987
984
973
961
979
978
974
1001
1003
1004
1005
1007
1003
1002
1000
999
998
997
996
988
982
963
961
994
981
993
983
1008
1010
1012
1013
1014
1011
1008
1010
1009
1007
997
1000
996
981
963
1006
1005
984
999
1016
1016
1017
1018
1020
1024
1025
1026
1023
1022
1021
1017
1019
1018
1015
1014
1006
999
1013
1009
1008
1007
1005
1004
1028
1029
1030
1031
1032
1033
1034
1035
1036
1037
1038
1039
1041
1036
1043
1044
1045
1046
1047
1033
1030
1027
1026
1009
1006
1024
1021
1019
1049
1051
1018
1014
1012
1052
1054
1055
1057
1058
1060
1061
1048
1047
1032
1026
1042
1033
1030
1040
1027
1052
1039
1029
1057
1056
1055
1049
1059
1044
1039
1028
1054
1053
1043
1030
1045
1033
1032
1048
1042
1063
1065
1028
1061
1054
1051
1045
1033
1032
1059
1043
1057
1056
1053
1048
1042
1040
1055
1050
1049
1066
1067
1068
1069
1070
1071
1073
1074
1075
1076
1077
1078
1080
1081
1082
1083
1084
1085
1088
1090
1091
1079
1078
1077
1076
1074
1066
1065
1064
1050
1094
1095
1096
1097
1098
1071
1065
1062
1077
1076
1070
1066
1082
1074
1078
1089
1071
1065
1083
1078
1077
1076
1070
1066
1088
1082
1080
1064
1062
1087
1084
1084
1083
1078
1071
1065
1093
1086
1072
1062
1088
1082
1098
1074
1089
1087
1101
1102
1103
1106
1108
1110
1111
1107
1093
1105
1101
1104
1092
1094
1100
1098
1112
1096
1110
1113
1114
1115
1117
1119
1116
1115
1114
1113
1112
1071
1111
1105
1104
1102
1100
1107
1094
1120
1121
1122
1123
1124
1128
1130
1131
1127
1126
1125
1123
1124
1112
1120
1109
1118
1111
1096
1115
1110
1099
1098
1133
1134
1135
1138
1139
1141
1142
1144
1137
1136
1135
1140
1132
1119
1129
1125
1109
1099
1127
1126
1096
1145
1148
1145
1149
1150
1147
1144
1135
1119
1143
1126
1120
1139
1117
1136
1129
1134
1153
1154
1155
1156
1157
1158
1159
1160
1161
1162
1163
1166
1169
1170
1172
1173
1174
1175
1176
1158
1156
1154
1152
1148
1143
1140
1126
1134
1147
1146
1178
1179
1158
1156
1173
1148
1143
1146
1154
1147
1139
1165
1164
1180
1181
1183
1184
1185
1186
1188
1189
1190
1182
1164
1169
1154
1151
1150
1147
1139
1186
1175
1167
1152
1148
1143
1170
1171
1168
1191
1194
1195
1196
1197
1198
1199
1200
1201
1195
1192
1189
1203
1187
1177
1168
1151
1182
1171
1186
1175
1184
1204
1206
1208
1205
1202
1187
1177
1143
1200
1193
1210
1211
1199
1212
1214
1198
1195
1192
1189
1209
1216
1217
1218
1215
1211
1199
1197
1196
1143
1208
1210
1195
1209
1206
1200
1207
1205
1193
1221
1224
1225
1226
1222
1221
1220
1218
1211
1216
1214
1199
1213
1212
1196
1210
1203
1227
1200
1225
1215
1208
1206
1228
1229
1232
1233
1237
1238
1239
1240
1243
1235
1196
1234
1233
1232
1230
1228
1227
1225
1214
1205
1203
1223
1222
1220
1239
1219
1242
1219
1241
1225
1205
1196
1238
1234
1232
1231
1230
1228
1237
1244
1235
1249
1250
1251
1254
1255
1256
1257
1258
1247
1248
1246
1244
1241
1243
1238
1233
1227
1242
1259
1260
1261
1262
1264
1266
1267
1268
1270
1271
1264
1263
1262
1245
1242
1257
1256
1251
1246
1243
1253
1252
1273
1274
1276
1278
1279
1273
1272
1271
1257
1255
1243
1262
1269
1253
1252
1245
1268
1264
1256
1247
1277
1265
1280
1281
1282
1284
1285
1288
1290
1292
1293
1294
1295
1287
1286
1285
1284
1283
1269
1236
1273
1268
1296
1264
1297
1291
1274
1271
1256
1275
1298
1299
1296
1293
1283
1236
1299
1284
1286
1277
1301
1302
1305
1306
1307
1309
1310
1312
1313
1314
1308
1305
1306
1303
1304
1289
1298
1296
1290
1297
1295
1293
1315
1316
1318
1319
1321
1323
1317
1314
1305
1312
1297
1290
1311
1303
1289
1324
1321
1309
1306
1298
1325
1327
1328
1329
1330
1331
1332
1328
1327
1326
1297
1322
1310
1317
1330
1300
1319
1313
1334
1339
1340
1341
1338
1337
1334
1297
1333
1328
1330
1329
1320
1319
1327
1340
1323
1322
1321
1311
1343
1344
1345
1348
1350
1351
1353
1354
1347
1346
1345
1344
1335
1342
1341
1336
1328
1300
1337
1355
1357
1358
1359
1361
1362
1363
1364
1357
1355
1356
1334
1353
1341
1352
1349
1365
1347
1366
1345
1344
1367
1368
1370
1372
1374
1376
1378
1379
1382
1376
1375
1377
1372
1373
1366
1363
1369
1353
1346
1381
1387
1372
1377
1374
1373
1360
1375
1369
1367
1364
1385
1388
1389
1390
1392
1393
1395
1397
1398
1391
1389
1393
1386
1384
1385
1382
1380
1375
1373
1360
1383
1377
1374
1372
1369
1399
1401
1403
1400
1398
1396
1387
1393
1385
1382
1395
1394
1380
1404
1386
1384
1407
1410
1412
1415
1411
1409
1408
1395
1406
1405
1403
1383
1401
1402
1394
1413
1392
1416
1417
1418
1419
1421
1422
1423
1424
1425
1426
1421
1418
1420
1419
1416
1415
1412
1404
1413
1426
1402
1371
1411
1408
1406
1429
1430
1431
1433
1434
1428
1427
1426
1404
1421
1409
1414
1408
1424
1419
1415
1435
1436
1438
1435
1419
1412
1432
1431
1414
1408
1427
1430
1429
1424
1441
1442
1444
1447
1448
1452
1446
1445
1444
1443
1432
1423
1439
1436
1434
1430
1453
1454
1455
1456
1457
1454
1452
1437
1408
1449
1445
1441
1439
1436
1434
1430
1447
1443
1440
1459
1460
1461
1462
1463
1464
1465
1466
1467
1468
1474
1475
1466
1465
1463
1462
1460
1459
1470
1451
1450
1456
1453
1452
1434
1455
1423
1473
1458
1451
1450
1471
1470
1466
1461
1469
1467
1465
1460
1457
1455
1423
1468
1471
1476
1477
1480
1481
1483
1484
1485
1486
1487
1488
1489
1490
1484
1479
1480
1478
1459
1477
1476
1473
1470
1466
1472
1471
1469
1467
1460
1484
1493
1494
1496
1498
1499
1494
1492
1480
1469
1459
1489
1488
1477
1476
1486
1482
1479
1478
1472
1484
1474
1473
1470
1496
1500
1501
1502
1503
1504
1505
1497
1502
1496
1482
1494
1479
1489
1493
1490
1506
1507
1508
1510
1511
1512
1512
1515
1516
1517
1514
1519
1520
1521
1523
1524
1515
1514
1513
1512
1509
1491
1506
1505
1520
1504
1495
1473
1501
1493
1500
1499
1525
1527
1529
1525
1524
1522
1513
1509
1491
1506
1505
1521
1500
1499
1495
1519
1515
1512
1504
1501
1493
1518
1530
1531
1532
1533
1534
1534
1536
1531
1530
1500
1493
1528
1519
1504
1526
1522
1518
1525
1505
1537
1538
1539
1540
1543
1544
1547
1548
1549
1550
1553
1554
1556
1546
1545
1544
1527
1540
1538
1521
1537
1500
1535
1528
1526
1533
1532
1551
1536
1521
1553
1541
1535
1546
1532
1557
1540
1537
1500
1548
1542
1558
1559
1560
1561
1563
1564
1565
1566
1567
1569
1570
1574
1576
1578
1579
1580
1568
1566
1565
1563
1552
1557
1553
1548
1540
1537
1573
1581
1557
1542
1537
1577
1569
1574
1566
1565
1575
1573
1572
1568
1562
1570
1571
1563
1582
1583
1584
1586
1588
1591
1592
1584
1582
1580
1576
1542
1579
1578
1574
1566
1565
1563
1577
1575
1568
1586
1552
1597
1598
1600
1601
1602
1603
1595
1594
1592
1590
1589
1588
1584
1579
1574
1571
1587
1555
1585
1580
1604
1605
1602
1600
1580
1599
1597
1595
1593
1589
1604
1587
1585
1555
1596
1606
1607
1609
1610
1611
1613
1614
1616
1617
1618
1619
1621
1624
1625
1616
1615
1612
1610
1609
1607
1600
1604
1602
1598
1597
1603
1599
1595
1626
1627
1628
1623
1622
1621
1603
1620
1615
1612
1608
1619
1616
1611
1607
1599
1618
1610
1609
1604
1598
1617
1633
1634
1635
1636
1637
1633
1632
1630
1629
1627
1611
1625
1624
1637
1618
1617
1610
1626
1622
1640
1641
1642
1644
1647
1648
1643
1641
1611
1638
1634
1633
1631
1626
1646
1624
1635
1632
1630
1629
1649
1650
1651
1652
1653
1650
1648
1647
1644
1641
1635
1629
1631
1624
1639
1611
1643
1642
1638
1636
1634
1654
1626
1656
1657
1658
1660
1662
1663
1664
1667
1669
1664
1659
1657
1655
1630
1629
1654
1653
1650
1649
1645
1652
1666
1647
1671
1672
1674
1670
1668
1657
1653
1652
1666
1659
1655
1645
1665
1650
1673
1664
1675
1676
1679
1680
1681
1678
1677
1676
1675
1667
1673
1670
1665
1661
1668
1683
1684
1685
1686
1687
1689
1691
1692
1693
1695
1697
1698
1699
1693
1692
1690
1688
1687
1686
1700
1683
1661
1701
1702
1679
1676
1696
1675
1703
1705
1706
1707
1701
1700
1698
1691
1683
1695
1689
1675
1688
1682
1708
1709
1709
1710
1712
1712
1713
1708
1706
1705
1698
1689
1691
1661
1675
1704
1682
1701
1699
1695
1694
1715
1718
1719
1720
1721
1723
1724
1725
1726
1727
1722
1719
1717
1715
1716
1699
1714
1712
1711
1704
1694
1708
1705
1729
1731
1732
1735
1737
1732
1728
1718
1715
1712
1725
1716
1710
1734
1740
1741
1742
1743
1746
1747
1748
1749
1750
1741
1740
1739
1738
1710
1736
1727
1733
1734
1732
1730
1751
1728
1754
1757
1759
1753
1752
1746
1742
1740
1744
1760
1739
1761
1738
1763
1758
1764
1765
1766
1762
1760
1759
1750
1748
1745
1752
1738
1722
1746
1755
1753
1767
1768
1769
1772
1774
1775
1776
1777
1778
1780
1781
1773
1771
1770
1759
1755
1765
1764
1777
1746
1762
1760
1722
1782
1783
1784
1785
1786
1788
1789
1790
1792
1793
1795
1780
1779
1771
1770
1756
1738
1796
1776
1767
1764
1775
1772
1798
1799
1796
1794
1793
1789
1785
1778
1792
1784
1798
1775
1772
1765
1791
1756
1780
1776
1767
1764
1801
1803
1805
1802
1801
1800
1798
1795
1793
1799
1790
1804
1794
1791
1787
1797
1792
1784
1796
1807
1808
1809
1811
1813
1814
1815
1816
1820
1821
1822
1823
1824
1825
1827
1828
1817
1814
1815
1812
1811
1810
1806
1796
1804
1803
1799
1797
1829
1830
1834
1838
1839
1841
1828
1816
1814
1832
1806
1811
1801
1822
1832
1815
1799
1818
1817
1810
1832
1836
1838
1837
1835
1833
1832
1818
1826
1828
1839
1830
1842
1844
1845
1847
1842
1839
1838
1824
1810
1836
1846
1835
1833
1832
1826
1819
1818
1846
1834
1830
1849
1850
1852
1855
1856
1853
1851
1850
1848
1838
1842
1843
1831
1846
1840
1844
1857
1859
1860
1861
1862
1863
1865
1866
1867
1869
1870
1873
1874
1868
1865
1864
1858
1847
1844
1854
1875
1848
1876
1877
1878
1879
1873
1872
1858
1854
1870
1865
1880
1856
1868
1883
1861
1851
1884
1885
1888
1886
1891
1892
1888
1887
1886
1869
1871
1881
1861
1879
1856
1878
1877
1876
1890
1873
1867
1864
1894
1897
1898
1899
1901
1902
1896
1895
1894
1892
1876
1893
1890
1883
1882
1871
1888
1887
1886
1881
1878
1904
1905
1906
1908
1909
1912
1914
1908
1906
1903
1901
1894
1900
1889
1882
1897
1895
1898
1896
1915
1917
1915
1912
1906
1899
1897
1911
1903
1900
1889
1910
1917
1902
1901
1898
1908
1919
1920
1921
1922
1923
1926
1928
1929
1930
1931
1933
1934
1935
1936
1937
1938
1939
1942
1930
1927
1906
1924
1919
1918
1913
1910
1907
1915
1935
1944
1906
1938
1937
1936
1935
1927
1933
1931
1932
1945
1946
1947
1949
1950
1944
1936
1937
1943
1941
1940
1932
1930
1927
1925
1949
1906
1924
1918
1913
1907
1951
1952
1953
1954
1955
1956
1957
1958
1961
1960
1959
1957
1938
1956
1962
1952
1963
1944
1964
1936
1965
1930
1948
1962
1916
1947
1968
1970
1973
1974
1975
1977
1978
1980
1972
1971
1970
1968
1967
1966
1961
1947
1936
1981
1982
1983
1984
1985
1979
1968
1972
1967
1971
1966
1975
1936
1973
1969
1944
1986
1989
1990
1992
1993
1994
1997
1998
1999
1991
1989
1988
1987
1986
1983
1975
1978
1994
1972
1967
1981
1977
2001
2002
2005
2007
2008
2009
2010
2004
2003
1999
1998
1985
1986
1962
2000
1996
1987
1976
1995
1992
2006
1991
1989
1981
1967
2012
2015
2017
2018
2021
2022
2012
2011
2010
2009
1998
2016
1985
1986
1999
2006
2004
2003
2000
2024
2021
2020
2019
2012
2004
1962
2014
2025
2026
2030
2031
2032
2034
2035
2036
2037
2038
2033
2032
2031
2017
2009
2029
2028
2027
2026
2013
2023
2018
2022
2039
2040
2041
2042
2043
2045
2046
2047
2050
2051
2052
2054
2055
2056
2058
2046
2048
2040
2039
2009
2037
2027
2022
2020
2023
2034
2031
2029
2017
2056
2040
2037
2035
2053
2044
2048
2047
2046
2039
2034
2009
2049
2042
2038
2032
2027
2060
2062
2063
2062
2064
2065
2065
2066
2067
2068
2069
2070
2072
2073
2075
2076
2068
2066
2063
2062
2060
2054
2056
2040
2038
2057
2053
2077
2078
2079
2080
2081
2082
2078
2075
2062
2060
2057
2073
2068
2083
2066
2063
2020
2061
2085
2086
2087
2088
2089
2090
2091
2092
2093
2094
2088
2086
2084
2074
2082
2069
2062
2080
2072
2078
2075
2091
2073
2095
2096
2098
2099
2100
2105
2097
2071
2059
2095
2092
2088
2106
2082
2091
2090
2084
2080
2072
2107
2108
2109
2110
2112
2113
2115
2116
2107
2105
2091
2089
2104
2071
2059
2098
2102
2100
2095
2092
2101
2097
2113
2093
2117
2117
2119
2120
2118
2121
2116
2103
2102
2114
2095
2113
2107
2109
2105
2111
2121
2122
2123
2124
2125
2127
2128
2129
2130
2131
2134
2135
2136
2138
2139
2140
2141
2142
2143
2144
2145
2146
2147
2149
2137
2135
2134
2132
2133
2130
2126
2125
2124
2112
2123
2122
2118
2151
2152
2143
2153
2145
2142
2134
2112
2130
2149
2123
2141
2136
2135
2118
2138
2154
2155
2157
2158
2159
2160
2156
2155
2154
2123
2152
2151
2149
2140
2131
2148
2132
2144
2141
2137
2158
2161
2162
2163
2164
2165
2167
2168
2169
2173
2174
2171
2167
2164
2162
2161
2160
2159
2157
2170
2154
2155
2153
2156
2150
2173
2168
2169
2162
2170
2166
2150
2167
2165
2155
2177
2179
2180
2182
2183
2185
2188
2182
2181
2179
2173
2175
2165
2158
2184
2190
2191
2173
2177
2181
2172
2178
2174
2192
2165
2182
2179
2194
2195
2196
2197
2200
2196
2195
2192
2190
2178
2176
2172
2187
2186
2158
2199
2185
2201
2202
2203
2204
2205
2206
2207
2208
2209
2210
2211
2203
2202
2200
2201
2193
2189
2186
2199
2198
2196
2195
2192
2188
2187
2197
2190
2212
2214
2215
2216
2217
2218
2219
2220
2221
2222
2215
2211
2213
2210
2202
2205
2206
2199
2204
2195
2203
2224
2226
2221
2227
2225
2223
2211
2197
2218
2215
2214
2210
2205
2204
2217
2213
2206
2228
2229
2230
2232
2230
2234
2235
2236
2237
2238
2240
2241
2242
2243
2244
2239
2211
2231
2225
2210
2223
2205
2218
2217
2216
2241
2248
2249
2250
2251
2252
2245
2243
2240
2222
2238
2239
2233
2228
2232
2216
2214
2250
2253
2254
2255
2256
2257
2258
2250
2240
2251
2238
2245
2248
2247
2246
2243
2260
2261
2262
2264
2265
2266
2267
2268
2269
2270
2272
2274
2267
2265
2264
2263
2260
2259
2251
2246
2244
2240
2248
2255
2275
2276
2277
2279
2280
2272
2273
2271
2269
2267
2254
2251
2248
2268
2264
2259
2257
2255
2281
2283
2284
2285
2286
2287
2288
2289
2290
2291
2292
2293
2295
2296
2297
2298
2299
2300
2288
2274
2282
2280
2272
2264
2277
2271
2275
2301
2302
2303
2296
2268
2295
2294
2274
2289
2280
2277
2291
2282
2276
2275
2304
2306
2307
2308
2309
2310
2304
2302
2300
2299
2268
2298
2294
2282
2276
2275
2274
2297
2289
2312
2313
2314
2315
2316
2317
2318
2314
2313
2311
2304
2303
2299
2307
2300
2296
2294
2305
2317
2278
2306
2320
2322
2321
2320
2319
2317
2307
2316
2314
2309
2306
2323
2311
2308
2304
2302
2315
2313
2326
2327
2328
2329
2330
2331
2334
2335
2336
2338
2339
2333
2330
2326
2325
2324
2320
2315
2322
2321
2318
2340
2341
2342
2344
2345
2346
2347
2342
2341
2339
2338
2326
2337
2336
2322
2316
2333
2324
2330
2327
2345
2350
2351
2352
2353
2354
2355
2356
2358
2359
2360
2361
2362
2363
2364
2365
2356
2350
2349
2348
2347
2338
2346
2342
2341
2339
2327
2321
2337
2332
2343
2367
2368
2369
2370
2371
2373
2375
2376
2377
2365
2366
2363
2344
2360
2358
2356
2337
2359
2346
2342
2357
2349
2370
2373
2373
2372
2371
2370
2347
2338
2337
2369
2362
2361
2359
2357
2366
2365
2380
2381
2382
2383
2384
2385
2387
2388
2390
2392
2386
2385
2382
2372
2380
2379
2378
2337
2377
2366
2365
2363
2361
2359
2346
2375
2388
2374
2371
2370
2393
2391
2371
2370
2393
2390
2378
2374
2389
2382
2372
2388
2387
2385
2376
2375
2386
2379
2394
2395
2399
2402
2407
2408
2410
2404
2403
2400
2396
2398
2397
2395
2389
2386
2416
2417
2401
2398
2396
2394
2407
2403
2400
2395
2418
2415
2405
2419
2420
2421
2423
2424
2425
2426
2428
2429
2430
2419
2424
2418
2417
2416
2424
2406
2405
2411
2409
2408
2413
2431
2432
2433
2431
2429
2427
2418
2417
2412
2432
2411
2409
2406
2426
2425
2419
2408
2423
2420
2416
2422
2413
2435
2438
2439
2440
2441
2442
2443
2444
2445
2446
2447
2448
2450
2452
2446
2440
2417
2437
2436
2453
2435
2454
2434
2448
2414
2425
2422
2419
2430
2429
2426
2456
2458
2454
2453
2452
2443
2440
2435
2430
2451
2436
2459
2414
2457
2449
2442
2417
2446
2460
2461
2462
2463
2464
2466
2467
2468
2464
2465
2463
2453
2452
2458
2457
2450
2471
2472
2445
2444
2443
2455
2474
2475
2476
2477
2478
2477
2476
2474
2473
2472
2469
2443
2480
2481
2483
2479
2463
2459
2458
2455
2485
2488
2487
2486
2485
2484
2482
2470
2480
2481
2467
2463
2479
2476
2477
2490
2491
2492
2494
2496
2497
2498
2497
2496
2495
2494
2493
2492
2491
2489
