2
6
7
9
10
11
12
13
10
7
6
4
0
15
16
17
19
20
23
24
25
28
19
17
10
18
15
16
14
8
5
3
1
12
6
24
20
16
10
15
6
0
21
14
8
28
18
3
32
33
34
35
36
37
38
39
35
33
32
30
28
29
22
21
14
41
39
1
16
24
42
43
44
45
46
47
48
45
43
41
39
40
27
38
31
28
35
47
32
29
37
33
30
50
51
52
53
55
56
57
59
61
63
58
56
54
40
50
48
49
26
43
64
66
67
69
65
62
53
50
61
60
49
59
56
54
52
67
40
58
70
71
72
73
74
73
70
49
43
30
67
66
68
52
62
65
76
61
75
60
59
54
78
80
84
84
85
86
87
89
85
83
82
81
79
73
61
78
77
76
74
68
67
66
56
52
91
93
94
97
100
101
94
96
95
93
85
92
88
82
99
81
86
83
73
65
61
99
103
104
105
101
99
92
88
98
74
97
95
78
96
106
94
105
90
86
107
109
110
111
112
114
115
116
117
118
120
121
122
123
125
126
119
117
114
113
109
97
103
128
129
130
131
132
134
135
136
137
138
140
130
126
117
97
78
109
124
119
113
108
102
121
115
133
103
142
143
144
145
139
123
124
108
102
133
130
127
121
112
126
125
114
131
141
146
144
143
131
123
132
151
149
152
155
156
157
159
160
161
156
155
154
153
146
144
134
150
149
148
147
162
163
123
160
164
165
166
167
169
170
171
162
159
157
123
149
146
144
143
114
155
168
152
158
154
153
173
174
175
177
178
179
180
183
187
188
191
182
181
183
178
177
175
193
194
170
195
159
186
158
166
162
196
166
162
189
187
168
159
186
185
182
181
176
184
183
177
198
199
201
203
204
197
195
187
168
159
194
158
185
172
189
180
170
208
210
211
212
214
217
218
219
220
209
207
206
204
172
190
200
197
196
189
223
224
225
226
227
228
230
232
233
234
235
204
225
222
218
197
216
215
200
192
213
209
205
202
238
239
240
218
217
207
233
232
231
221
216
213
202
192
223
204
229
228
225
224
209
237
241
243
244
245
247
242
239
217
238
231
221
245
237
232
228
227
209
229
234
223
251
252
253
250
248
247
228
209
234
243
241
253
254
256
257
258
259
260
261
264
266
263
260
267
258
268
257
266
244
255
246
236
248
253
252
251
269
270
272
273
274
275
274
273
239
270
271
267
266
258
278
253
279
262
255
277
249
264
257
280
281
284
285
286
287
288
289
290
292
293
294
296
286
283
282
280
279
276
271
265
264
262
249
274
275
273
272
297
298
299
300
301
302
297
295
294
292
287
279
271
282
300
276
265
291
290
281
278
275
286
280
274
288
303
304
306
307
308
309
312
313
314
311
304
292
301
291
290
275
299
297
295
289
316
317
318
319
320
322
323
324
325
328
329
330
331
322
319
321
316
289
318
310
314
313
301
292
312
332
337
339
335
331
317
313
334
292
327
321
310
315
314
289
324
312
340
341
342
341
343
344
346
347
348
350
338
351
324
345
326
333
330
314
305
313
335
331
352
355
356
357
358
359
360
361
362
363
364
354
352
351
335
332
342
356
305
344
338
330
316
345
365
366
368
369
370
365
363
360
356
352
342
355
351
344
371
373
374
369
375
376
377
378
379
380
381
382
383
384
376
375
374
371
372
355
349
336
364
363
360
353
381
385
367
365
358
352
366
381
387
388
389
390
387
385
384
386
375
391
381
376
372
366
393
394
395
396
397
398
399
401
402
397
394
392
391
390
372
367
388
401
403
405
409
410
411
406
407
405
404
403
398
410
395
402
400
394
393
399
391
388
386
413
415
416
417
420
423
424
426
427
428
421
420
407
402
418
413
412
429
409
403
424
399
426
430
429
427
426
425
408
424
413
409
420
407
402
431
421
431
432
419
414
412
435
437
438
441
442
443
444
445
446
448
440
439
434
433
430
422
429
449
450
451
447
440
439
435
434
429
446
445
438
450
436
444
430
422
443
442
452
453
454
455
456
459
460
461
462
457
455
452
451
432
430
450
442
434
449
447
445
446
444
443
460
463
464
463
466
467
469
471
468
465
464
463
461
459
449
473
445
443
470
434
458
455
448
444
432
476
477
478
479
484
486
487
489
490
491
493
481
483
482
480
486
479
478
477
472
470
465
458
495
490
459
489
478
473
488
485
483
481
480
475
493
472
479
496
477
495
493
490
479
473
483
482
481
472
491
498
499
489
488
480
478
502
503
505
506
507
505
504
502
503
501
499
497
494
492
491
510
514
517
519
520
512
511
510
502
474
509
508
507
500
499
523
524
525
522
521
519
510
502
518
474
514
509
508
524
507
505
503
500
499
516
515
526
527
528
529
530
531
532
533
538
539
534
533
532
529
528
526
524
520
517
507
536
523
519
533
531
538
537
526
524
535
532
525
540
534
529
528
541
542
543
545
547
549
550
552
553
554
548
526
543
542
545
544
513
534
555
556
557
558
559
560
561
563
565
566
568
572
573
575
576
566
565
564
563
561
559
558
556
553
548
546
544
572
577
560
575
559
556
553
571
569
567
564
568
566
565
578
581
584
585
586
588
579
580
577
576
562
551
546
574
569
568
573
570
564
589
590
591
592
593
594
596
590
588
587
584
573
571
582
579
570
551
583
580
576
598
600
602
604
606
607
608
609
600
596
590
589
588
573
595
594
583
582
603
577
564
592
605
596
573
604
594
577
602
592
590
580
603
595
601
609
599
611
612
611
613
614
616
618
620
621
618
617
615
614
597
608
609
607
606
623
624
625
627
629
630
632
633
628
627
623
622
619
610
621
614
607
606
636
637
639
641
636
634
633
629
621
607
606
631
642
628
627
626
620
644
648
650
647
646
645
644
641
640
626
638
635
634
652
654
655
656
657
659
660
662
663
664
658
656
653
650
651
647
646
661
643
640
638
665
666
665
665
667
668
669
670
671
672
666
664
645
669
653
651
649
643
641
639
659
673
673
674
676
677
678
680
682
683
677
674
675
641
681
639
668
665
664
659
656
667
686
688
689
690
691
692
693
694
695
696
697
687
685
684
683
667
674
672
668
665
656
681
680
678
669
659
639
675
698
699
702
698
699
695
694
687
686
685
693
680
678
669
692
683
691
690
689
706
707
708
703
698
695
694
691
709
690
689
702
697
693
688
679
700
710
712
713
714
707
692
708
697
693
688
700
679
704
699
705
716
718
719
720
721
722
723
724
719
722
716
715
713
705
711
707
700
725
726
727
729
730
732
733
734
735
729
730
717
725
723
720
697
721
719
736
737
740
742
743
744
746
747
742
741
739
729
715
736
735
720
731
728
717
701
730
727
748
750
751
752
753
755
750
749
748
747
741
731
728
701
745
736
744
742
739
737
730
729
715
758
760
762
760
763
757
747
756
755
737
715
754
738
751
749
766
769
770
772
773
774
775
768
745
767
765
761
763
760
759
757
750
776
777
778
781
783
786
783
782
780
779
764
787
777
775
773
760
759
772
767
788
789
791
793
795
796
798
799
800
794
793
791
792
789
788
790
777
786
775
772
785
782
780
779
771
797
801
805
806
807
808
800
801
799
789
788
784
771
777
786
804
768
797
796
795
794
792
791
790
804
809
811
812
810
808
807
806
814
815
800
804
803
799
796
795
789
817
819
820
823
824
825
826
828
821
822
819
817
816
806
815
808
802
813
803
796
811
829
830
831
832
833
834
837
838
839
841
842
843
844
846
847
849
850
838
840
836
835
834
830
828
829
806
827
822
818
816
813
802
842
852
853
854
830
848
846
845
836
835
827
818
838
834
829
806
844
843
842
831
856
860
861
862
863
858
860
857
855
852
830
845
846
843
848
844
839
860
840
865
866
867
868
867
865
864
862
852
830
860
848
829
873
870
858
857
855
851
875
877
876
874
873
872
859
851
869
866
862
868
867
865
856
879
880
882
883
884
885
889
890
892
893
894
895
896
897
898
891
889
888
883
882
881
886
884
877
878
899
871
900
902
904
907
908
909
910
901
897
896
894
878
877
868
888
887
904
911
912
908
907
868
912
906
891
888
885
889
902
896
912
894
916
917
918
920
921
922
923
924
925
919
917
916
891
915
913
903
914
912
925
911
929
910
930
932
933
934
930
931
926
905
928
927
935
914
909
924
922
916
923
936
937
938
939
943
946
948
949
944
942
917
914
910
909
924
947
950
932
931
927
952
953
954
955
956
957
958
959
960
961
963
964
965
966
967
959
956
954
953
917
951
950
944
940
968
931
962
969
971
972
975
977
980
971
970
968
967
963
962
941
940
961
951
945
982
983
984
980
979
978
969
976
975
971
968
974
970
945
941
973
985
986
987
988
989
991
992
993
995
996
993
990
986
985
988
987
983
973
963
961
978
976
974
1000
1001
1002
1004
1003
1002
1000
999
998
996
988
987
982
961
994
981
993
990
1008
1011
1012
1013
1014
1015
1011
1008
1010
1007
997
1000
996
982
981
963
1005
984
999
1016
1017
1019
1020
1021
1022
1022
1025
1026
1023
1022
1021
1019
1018
1015
1014
1025
1006
999
1013
1010
1009
1008
1007
1005
1004
1012
1027
1028
1031
1032
1034
1035
1038
1039
1040
1041
1037
1036
1042
1044
1045
1046
1047
1033
1029
1028
1048
1027
1026
1006
1024
1021
1019
1049
1050
1051
1018
1017
1012
1052
1054
1055
1058
1060
1061
1050
1049
1047
1046
1045
1032
1026
1044
1028
1042
1043
1033
1030
1024
1040
1027
1052
1062
1057
1047
1059
1054
1040
1043
1051
1046
1045
1032
1050
1063
1064
1065
1061
1054
1051
1045
1032
1059
1043
1030
1057
1056
1053
1040
1055
1050
1049
1067
1068
1069
1071
1073
1074
1075
1079
1080
1081
1082
1085
1086
1088
1090
1091
1079
1078
1077
1076
1071
1072
1070
1066
1050
1062
1092
1093
1094
1095
1096
1097
1071
1065
1083
1072
1070
1082
1074
1080
1078
1071
1083
1089
1076
1070
1066
1082
1080
1079
1072
1064
1087
1086
1084
1078
1071
1065
1093
1086
1072
1062
1091
1088
1082
1074
1087
1101
1103
1105
1106
1107
1108
1109
1111
1107
1106
1101
1104
1092
1102
1094
1084
1100
1112
1096
1113
1116
1118
1119
1116
1115
1114
1113
1084
1071
1111
1096
1109
1105
1110
1104
1102
1100
1107
1099
1094
1121
1122
1125
1128
1129
1130
1131
1125
1123
1124
1122
1119
1112
1116
1109
1118
1096
1117
1115
1110
1099
1098
1132
1133
1135
1136
1138
1139
1141
1142
1144
1137
1136
1135
1134
1120
1132
1125
1118
1099
1127
1117
1123
1096
1145
1147
1145
1149
1150
1151
1146
1144
1126
1139
1136
1132
1149
1129
1140
1134
1127
1153
1154
1155
1156
1157
1158
1159
1160
1161
1162
1163
1164
1165
1166
1169
1170
1171
1172
1173
1174
1176
1158
1154
1151
1148
1140
1126
1134
1147
1146
1177
1178
1179
1158
1156
1169
1148
1168
1146
1167
1154
1150
1147
1139
1164
1152
1180
1181
1182
1183
1185
1187
1188
1190
1182
1164
1169
1159
1151
1150
1139
1186
1175
1167
1148
1171
1168
1191
1193
1194
1200
1195
1202
1192
1183
1189
1203
1187
1177
1168
1167
1151
1182
1171
1170
1186
1175
1184
1204
1205
1206
1207
1208
1205
1203
1202
1187
1201
1184
1200
1193
1209
1210
1212
1214
1198
1197
1195
1192
1189
1209
1215
1217
1219
1220
1211
1197
1208
1203
1209
1206
1205
1202
1193
1221
1222
1223
1224
1225
1226
1222
1221
1220
1219
1218
1211
1216
1199
1213
1212
1210
1203
1227
1200
1225
1143
1208
1206
1205
1228
1229
1230
1231
1232
1233
1234
1236
1238
1239
1241
1243
1235
1196
1232
1231
1228
1227
1225
1216
1214
1212
1205
1203
1223
1220
1239
1219
1219
1241
1225
1205
1240
1196
1238
1234
1233
1232
1230
1228
1237
1235
1245
1246
1247
1249
1250
1251
1252
1254
1255
1256
1257
1258
1251
1247
1248
1246
1244
1241
1243
1240
1238
1233
1242
1260
1261
1263
1264
1265
1266
1267
1268
1270
1271
1272
1264
1263
1262
1259
1245
1242
1257
1256
1255
1251
1267
1252
1248
1247
1273
1274
1276
1277
1278
1279
1275
1272
1255
1269
1245
1236
1268
1259
1247
1277
1280
1281
1282
1283
1285
1286
1287
1288
1289
1291
1292
1294
1287
1286
1285
1284
1253
1283
1279
1272
1265
1277
1236
1273
1268
1296
1276
1291
1274
1271
1275
1298
1299
1300
1296
1295
1294
1292
1276
1274
1293
1291
1283
1275
1236
1284
1253
1285
1277
1287
1301
1302
1303
1305
1306
1307
1308
1310
1313
1309
1308
1305
1306
1303
1300
1296
1295
1293
1315
1316
1317
1318
1319
1320
1317
1314
1313
1305
1296
1312
1290
1304
1303
1289
1324
1306
1300
1298
1328
1329
1330
1331
1332
1333
1328
1327
1326
1323
1322
1321
1310
1317
1320
1312
1311
1319
1313
1335
1336
1339
1340
1338
1337
1336
1335
1297
1333
1328
1330
1329
1320
1319
1300
1327
1325
1340
1322
1311
1343
1344
1345
1348
1349
1350
1351
1352
1354
1349
1347
1344
1335
1342
1341
1319
1300
1338
1337
1334
1355
1356
1357
1358
1359
1361
1362
1363
1364
1355
1356
1334
1353
1341
1352
1346
1342
1336
1365
1347
1366
1367
1368
1369
1370
1371
1372
1376
1377
1378
1379
1381
1384
1376
1375
1377
1374
1372
1367
1371
1368
1364
1363
1353
1346
1360
1386
1381
1387
1363
1372
1368
1377
1374
1373
1360
1375
1369
1367
1364
1388
1390
1391
1394
1395
1396
1397
1398
1391
1389
1387
1393
1386
1384
1371
1385
1382
1380
1375
1373
1360
1374
1372
1369
1399
1401
1402
1400
1398
1397
1387
1393
1392
1382
1395
1389
1394
1380
1404
1391
1386
1384
1383
1406
1407
1408
1410
1411
1412
1413
1414
1415
1411
1395
1406
1405
1404
1403
1383
1401
1402
1396
1394
1371
1400
1413
1392
1416
1417
1416
1418
1420
1422
1425
1419
1416
1412
1404
1414
1413
1402
1428
1371
1409
1408
1426
1406
1431
1432
1433
1428
1427
1426
1412
1421
1409
1408
1424
1423
1419
1418
1435
1438
1437
1435
1433
1419
1432
1428
1414
1408
1427
1429
1424
1442
1443
1446
1447
1450
1451
1445
1444
1443
1432
1423
1441
1440
1439
1436
1430
1454
1455
1457
1454
1453
1452
1451
1408
1449
1445
1456
1439
1436
1434
1448
1444
1443
1458
1459
1460
1461
1464
1465
1466
1467
1468
1469
1470
1472
1473
1474
1475
1466
1467
1465
1463
1460
1470
1451
1457
1452
1449
1455
1448
1447
1473
1451
1450
1472
1462
1471
1470
1466
1461
1469
1467
1465
1460
1457
1455
1423
1478
1480
1481
1483
1484
1485
1486
1487
1489
1490
1491
1492
1482
1484
1480
1478
1459
1477
1476
1473
1470
1466
1461
1472
1471
1469
1467
1465
1460
1495
1498
1499
1494
1469
1459
1488
1477
1482
1479
1472
1484
1483
1474
1473
1470
1496
1500
1501
1502
1503
1504
1497
1495
1492
1482
1494
1488
1479
1489
1486
1491
1490
1507
1508
1509
1510
1511
1512
1513
1514
1515
1516
1517
1514
1518
1519
1522
1523
1524
1515
1514
1513
1520
1504
1495
1473
1493
1489
1526
1527
1528
1529
1525
1522
1513
1509
1491
1520
1506
1505
1500
1519
1501
1493
1518
1528
1528
1531
1532
1534
1535
1533
1531
1530
1529
1495
1528
1527
1519
1515
1535
1522
1518
1525
1506
1539
1540
1541
1542
1543
1544
1545
1546
1547
1549
1550
1551
1552
1553
1555
1556
1548
1546
1544
1527
1541
1542
1540
1538
1536
1537
1550
1500
1528
1526
1557
1554
1538
1521
1552
1545
1541
1544
1532
1527
1557
1540
1537
1500
1548
1542
1558
1559
1560
1561
1563
1564
1565
1566
1567
1568
1570
1571
1572
1573
1574
1575
1576
1578
1579
1569
1568
1565
1563
1552
1562
1557
1553
1551
1548
1542
1540
1537
1555
1581
1576
1542
1537
1577
1569
1574
1566
1565
1573
1572
1555
1570
1583
1584
1586
1588
1589
1590
1591
1592
1593
1594
1584
1582
1576
1570
1557
1579
1578
1574
1566
1563
1577
1575
1573
1572
1568
1562
1586
1552
1595
1597
1598
1601
1602
1603
1595
1594
1593
1592
1591
1590
1589
1588
1579
1576
1574
1571
1555
1585
1582
1580
1604
1605
1602
1598
1592
1595
1593
1590
1604
1587
1585
1555
1596
1606
1608
1610
1612
1613
1614
1615
1618
1620
1621
1623
1624
1625
1616
1612
1610
1609
1608
1607
1600
1604
1602
1597
1603
1599
1619
1595
1593
1626
1630
1623
1622
1621
1603
1620
1615
1612
1616
1607
1600
1599
1610
1631
1598
1628
1617
1632
1634
1635
1636
1637
1634
1633
1631
1632
1621
1629
1627
1625
1638
1624
1637
1618
1617
1610
1626
1622
1640
1641
1643
1644
1646
1647
1648
1644
1642
1641
1639
1611
1638
1636
1634
1633
1626
1625
1635
1632
1629
1651
1654
1655
1649
1650
1648
1647
1644
1635
1630
1645
1639
1643
1642
1638
1636
1626
1656
1658
1659
1660
1662
1663
1665
1666
1667
1669
1664
1661
1670
1657
1630
1629
1654
1648
1624
1653
1650
1649
1645
1652
1672
1673
1674
1670
1668
1653
1661
1659
1655
1645
1665
1650
1624
1673
1677
1678
1680
1681
1677
1676
1682
1667
1673
1665
1681
1661
1668
1671
1683
1684
1685
1686
1690
1691
1694
1695
1696
1697
1698
1699
1693
1692
1691
1689
1687
1686
1700
1683
1661
1701
1682
1702
1679
1676
1696
1675
1703
1704
1707
1701
1699
1686
1683
1661
1695
1687
1696
1688
1682
1690
1706
1708
1709
1709
1709
1710
1711
1713
1688
1705
1700
1698
1661
1675
1704
1682
1703
1699
1695
1713
1714
1714
1717
1720
1721
1722
1723
1724
1725
1727
1722
1719
1718
1717
1715
1716
1699
1689
1714
1712
1704
1694
1700
1710
1708
1698
1729
1731
1733
1735
1736
1737
1738
1732
1727
1726
1719
1715
1712
1716
1710
1703
1734
1699
1722
1717
1739
1741
1743
1744
1745
1747
1749
1742
1740
1739
1738
1736
1727
1733
1734
1751
1728
1726
1754
1755
1756
1757
1759
1753
1752
1750
1742
1728
1744
1760
1739
1761
1762
1763
1736
1758
1766
1762
1760
1759
1750
1748
1730
1758
1745
1752
1722
1746
1756
1755
1753
1768
1769
1770
1771
1772
1774
1775
1777
1778
1779
1781
1773
1772
1771
1770
1759
1755
1765
1777
1746
1730
1760
1756
1782
1783
1784
1785
1786
1787
1788
1789
1791
1792
1793
1795
1789
1787
1785
1784
1780
1779
1771
1756
1778
1738
1776
1797
1773
1767
1791
1764
1775
1798
1800
1795
1796
1794
1789
1785
1778
1784
1783
1798
1775
1772
1791
1787
1756
1790
1780
1776
1767
1801
1802
1803
1805
1804
1802
1801
1798
1795
1790
1804
1794
1791
1787
1792
1784
1764
1796
1806
1808
1809
1810
1811
1812
1813
1814
1816
1819
1820
1821
1823
1824
1825
1826
1827
1818
1817
1816
1814
1815
1811
1810
1807
1801
1796
1804
1799
1829
1831
1832
1833
1835
1836
1838
1839
1840
1841
1828
1825
1816
1814
1826
1832
1806
1824
1811
1832
1815
1807
1799
1819
1818
1817
1812
1810
1836
1838
1837
1835
1836
1834
1832
1831
1819
1818
1828
1825
1822
1839
1830
1843
1844
1845
1846
1848
1843
1842
1838
1824
1840
1836
1835
1832
1831
1826
1819
1825
1818
1837
1846
1834
1830
1828
1849
1851
1852
1853
1854
1855
1857
1858
1854
1838
1847
1842
1846
1857
1859
1860
1862
1863
1864
1866
1867
1868
1871
1872
1873
1874
1868
1865
1864
1863
1861
1859
1847
1856
1855
1854
1875
1870
1851
1876
1877
1878
1879
1873
1858
1871
1863
1859
1870
1865
1880
1881
1868
1882
1880
1861
1855
1851
1850
1884
1885
1887
1888
1886
1891
1889
1892
1893
1888
1887
1886
1883
1869
1882
1871
1861
1879
1856
1877
1890
1873
1868
1867
1864
1895
1896
1897
1898
1899
1901
1894
1892
1893
1890
1889
1882
1869
1871
1885
1881
1878
1904
1905
1909
1910
1911
1914
1908
1907
1903
1902
1901
1894
1889
1882
1899
1897
1895
1898
1896
1910
1893
1916
1917
1918
1915
1913
1912
1911
1900
1889
1910
1917
1898
1896
1893
1908
1907
1919
1920
1921
1922
1923
1924
1925
1926
1928
1929
1931
1932
1933
1934
1935
1936
1937
1939
1940
1942
1930
1927
1925
1924
1916
1913
1910
1907
1915
1911
1943
1944
1936
1934
1933
1930
1929
1919
1940
1932
1945
1946
1948
1949
1950
1937
1934
1943
1941
1940
1932
1930
1949
1906
1924
1918
1916
1913
1907
1951
1952
1953
1954
1955
1956
1958
1959
1960
1960
1959
1957
1938
1956
1952
1963
1944
1964
1936
1965
1966
1948
1962
1943
1940
1916
1947
1970
1971
1973
1974
1975
1976
1977
1979
1980
1971
1970
1968
1966
1961
1947
1936
1962
1944
1982
1983
1984
1985
1979
1978
1968
1961
1972
1975
1936
1970
1969
1962
1986
1987
1988
1990
1993
1994
1996
1997
1998
1999
1991
1989
1988
1962
1987
1986
1985
1983
1975
1978
1994
1972
1969
1977
1976
2000
2001
2002
2003
2004
2005
2006
2007
2008
2004
2003
1998
2001
1962
2000
1996
1988
1987
1976
1995
1992
2006
1991
1981
1967
2011
2012
2013
2015
2016
2017
2019
2020
2021
2022
2012
2014
2013
2011
2010
1962
2009
2016
2001
2004
2000
2024
2021
2011
2013
2018
1986
2010
2017
2009
2016
2014
2025
2026
2027
2028
2030
2031
2032
2033
2034
2036
2033
2032
2030
2031
2017
2009
2029
2028
2027
2019
2014
2023
2018
2022
2039
2041
2042
2043
2044
2045
2046
2047
2048
2049
2050
2051
2052
2054
2055
2057
2059
2060
2047
2046
2049
2048
2044
2042
2039
2009
2038
2032
2027
2022
2020
2035
2029
2017
2056
2061
2056
2037
2035
2053
2048
2047
2046
2039
2009
2049
2038
2060
2063
2062
2064
2065
2066
2067
2068
2069
2070
2071
2073
2074
2076
2066
2063
2061
2060
2054
2048
2058
2056
2040
2038
2037
2077
2078
2079
2081
2075
2062
2060
2074
2059
2057
2069
2083
2020
2072
2040
2061
2086
2089
2090
2091
2092
2093
2094
2087
2086
2085
2084
2074
2071
2059
2082
2069
2062
2080
2072
2078
2073
2095
2096
2099
2102
2104
2105
2100
2098
2097
2071
2095
2093
2088
2086
2103
2106
2066
2091
2090
2089
2080
2108
2109
2110
2111
2112
2114
2115
2108
2107
2105
2091
2090
2089
2071
2059
2103
2088
2102
2100
2101
2097
2113
2093
2117
2117
2119
2120
2121
2116
2103
2102
2114
2095
2113
2107
2112
2109
2108
2105
2104
2101
2121
2123
2122
2124
2126
2127
2128
2129
2130
2132
2134
2137
2138
2139
2142
2143
2144
2146
2147
2148
2137
2136
2135
2132
2133
2126
2125
2118
2150
2151
2152
2153
2144
2134
2124
2112
2137
2130
2149
2123
2141
2136
2133
2131
2138
2154
2156
2156
2154
2151
2142
2149
2145
2140
2150
2148
2133
2132
2147
2144
2141
2137
2161
2162
2163
2164
2166
2168
2170
2172
2173
2171
2170
2168
2167
2164
2166
2162
2160
2159
2170
2154
2155
2153
2150
2173
2168
2161
2169
2164
2162
2172
2171
2170
2166
2150
2167
2160
2171
2157
2155
2176
2177
2180
2181
2183
2185
2186
2182
2179
2178
2177
2172
2175
2174
2165
2189
2190
2191
2173
2185
2183
2177
2172
2190
2193
2165
2158
2182
2194
2197
2200
2196
2193
2192
2190
2189
2172
2187
2184
2186
2158
2199
2185
2183
2188
2201
2203
2207
2208
2209
2211
2202
2200
2201
2189
2186
2176
2199
2198
2196
2195
2192
2187
2184
2197
2190
2212
2213
2219
2220
2221
2215
2212
2211
2213
2202
2198
2205
2206
2199
2204
2195
2201
2223
2224
2226
2222
2221
2227
2225
2225
2212
2197
2218
2215
2210
2204
2217
2206
2229
2230
2231
2232
2230
2236
2237
2240
2241
2242
2243
2244
2239
2235
2232
2211
2233
2231
2225
2210
2223
2205
2218
2217
2216
2241
2245
2247
2249
2250
2251
2252
2247
2246
2245
2244
2243
2222
2238
2233
2234
2228
2232
2216
2214
2253
2255
2256
2257
2258
2259
2254
2250
2240
2222
2238
2214
2245
2234
2247
2246
2243
2260
2261
2262
2264
2265
2266
2268
2269
2270
2272
2273
2274
2267
2265
2264
2263
2260
2259
2257
2251
2246
2244
2240
2248
2255
2254
2275
2276
2278
2279
2274
2272
2273
2271
2269
2267
2263
2254
2248
2268
2264
2259
2257
2281
2282
2283
2284
2285
2287
2288
2290
2292
2293
2294
2296
2298
2299
2300
2274
2282
2280
2278
2272
2268
2264
2277
2271
2276
2275
2301
2296
2288
2268
2278
2294
2251
2289
2277
2291
2282
2276
2275
2304
2305
2307
2310
2304
2303
2302
2300
2299
2288
2268
2298
2294
2282
2275
2274
2297
2295
2286
2311
2312
2313
2315
2317
2318
2319
2314
2313
2311
2309
2297
2295
2308
2304
2303
2302
2307
2296
2305
2317
2278
2306
2321
2320
2319
2318
2317
2314
2309
2323
2324
2302
2313
2325
2326
2328
2329
2331
2332
2333
2334
2335
2337
2338
2339
2333
2327
2324
2320
2315
2322
2321
2318
2316
2340
2341
2342
2346
2347
2348
2342
2341
2339
2321
2326
2320
2337
2336
2322
2316
2333
2325
2324
2332
2330
2327
2345
2349
2351
2352
2353
2354
2355
2356
2358
2364
2365
2356
2350
2348
2347
2342
2341
2321
2344
2336
2330
2337
2332
2343
2366
2367
2368
2370
2371
2375
2376
2377
2378
2365
2364
2366
2360
2358
2356
2347
2343
2337
2359
2342
2349
2373
2374
2371
2370
2358
2337
2369
2363
2362
2361
2360
2359
2357
2368
2365
2379
2380
2381
2383
2384
2385
2386
2387
2390
2391
2392
2386
2380
2379
2377
2366
2388
2365
2363
2361
2359
2346
2388
2374
2373
2370
2393
2391
2371
2337
2374
2382
2372
2388
2387
2380
2377
2375
2379
2394
2396
2397
2399
2401
2402
2403
2404
2405
2406
2407
2410
2413
2404
2403
2400
2396
2398
2397
2394
2395
2391
2389
2386
2414
2416
2417
2412
2411
2410
2389
2409
2401
2398
2394
2407
2404
2403
2395
2418
2415
2406
2405
2420
2421
2423
2424
2426
2427
2428
2430
2424
2418
2417
2424
2407
2414
2406
2405
2401
2409
2415
2408
2410
2431
2433
2429
2427
2424
2432
2418
2417
2412
2432
2411
2409
2425
2408
2423
2420
2416
2422
2414
2434
2436
2437
2438
2439
2440
2441
2442
2443
2444
2445
2447
2448
2449
2450
2451
2443
2446
2442
2440
2439
2417
2437
2436
2453
2435
2434
2448
2414
2432
2422
2419
2430
2429
2426
2455
2456
2457
2458
2454
2453
2452
2419
2450
2443
2435
2430
2451
2436
2434
2426
2417
2444
2460
2461
2462
2463
2464
2466
2467
2468
2469
2465
2463
2462
2453
2452
2459
2457
2449
2450
2471
2472
2473
2469
2445
2444
2443
2455
2475
2476
2477
2478
2477
2476
2474
2470
2469
2479
2480
2481
2482
2483
2463
2459
2445
2444
2485
2488
2489
2487
2485
2484
2483
2482
2470
2480
2481
2467
2463
2479
2477
2472
2490
2491
2492
2493
2497
2498
2497
2496
2495
2477
2492
2489
2481
2480
2486
