1
3
4
5
7
8
9
10
11
13
14
10
8
7
4
5
3
2
17
21
25
27
28
19
17
10
18
16
8
5
3
1
12
6
2
0
29
24
23
20
16
15
12
1
0
21
22
19
8
28
18
17
5
3
31
32
34
35
36
38
35
33
32
31
28
29
27
18
8
5
40
3
1
16
24
42
44
46
47
45
41
39
40
26
38
31
28
35
47
37
33
51
52
56
57
58
62
63
58
56
55
51
40
50
26
45
64
66
67
69
65
62
55
53
50
48
43
61
60
56
54
52
51
67
40
58
70
71
73
74
75
72
70
49
48
43
30
66
56
68
65
76
61
75
59
54
79
80
81
82
83
84
84
86
87
88
89
90
83
82
79
65
61
78
77
76
75
74
68
67
66
56
52
91
94
95
96
97
98
99
100
101
102
96
95
93
85
74
90
99
77
81
76
83
79
78
65
99
104
105
101
99
92
88
98
74
95
78
96
106
105
90
86
107
108
109
110
113
114
116
117
118
119
120
122
123
124
125
126
117
115
113
111
109
97
108
102
103
128
129
131
134
135
136
137
138
139
130
127
126
117
97
114
124
119
113
108
102
121
112
133
111
142
143
144
145
134
124
102
130
127
121
112
132
126
125
114
131
147
148
149
146
123
134
140
132
141
146
151
149
153
154
157
159
160
161
157
156
155
154
153
152
146
144
134
114
150
149
148
147
162
163
160
164
165
166
167
168
169
171
162
123
149
146
144
143
156
168
152
150
154
153
172
173
174
175
176
177
178
179
183
184
185
186
187
188
190
191
182
181
178
177
176
175
193
172
195
168
158
166
162
196
190
178
166
162
180
170
187
159
186
185
181
176
184
183
177
198
199
201
202
203
204
200
196
195
187
194
158
185
172
192
189
180
205
206
208
209
210
211
212
213
214
215
216
219
220
210
209
206
205
204
202
172
190
200
197
189
221
222
225
226
227
228
229
230
231
232
233
235
225
224
223
221
218
216
215
190
213
207
236
237
238
240
217
207
233
232
221
215
205
202
223
204
228
227
225
224
209
241
243
245
246
247
242
239
217
238
221
245
237
233
232
227
248
235
229
234
224
223
249
251
252
253
250
249
248
247
246
228
234
242
253
254
255
256
258
259
260
261
262
263
265
263
259
258
266
244
255
249
236
239
252
251
269
272
274
275
276
274
272
273
270
267
268
258
278
253
252
262
255
277
246
236
264
257
277
281
283
284
285
286
290
291
293
294
295
296
287
286
283
282
280
279
278
276
265
264
257
291
249
277
274
297
298
299
300
297
287
300
276
265
291
281
278
275
286
280
274
288
303
304
305
306
307
308
309
310
311
312
310
307
304
305
302
271
291
290
280
275
299
297
294
289
315
316
319
320
323
324
325
326
327
328
329
331
322
319
321
316
289
318
317
315
310
305
301
292
312
335
336
337
338
339
335
334
331
330
317
313
334
301
292
327
326
321
325
315
305
334
324
319
318
312
340
341
341
343
344
346
347
348
349
350
345
318
316
336
327
326
315
332
330
313
353
354
355
356
360
361
362
363
364
351
350
335
314
342
356
336
333
326
305
344
338
330
316
345
366
368
369
370
365
364
363
360
356
359
358
357
352
342
333
314
355
350
354
353
351
344
371
373
369
375
377
378
380
382
384
376
375
374
371
355
364
363
353
385
365
358
366
357
386
388
389
390
384
386
375
381
392
376
367
379
372
396
397
399
400
401
397
394
393
392
387
391
390
383
379
372
367
388
403
404
405
406
408
409
410
411
412
408
405
404
398
395
400
394
393
390
399
392
388
386
413
414
415
416
417
418
419
421
423
424
425
428
421
407
402
414
413
393
412
429
403
424
399
429
426
425
408
424
413
409
402
431
421
431
418
431
412
434
435
436
437
438
439
440
441
442
445
447
440
436
434
433
427
449
447
440
439
435
434
429
446
445
438
436
433
427
422
420
443
442
452
453
454
456
457
459
460
461
462
457
456
455
452
451
432
430
442
434
429
449
445
448
446
444
460
464
465
466
467
469
470
471
472
468
465
464
463
461
452
449
456
443
470
457
434
458
455
451
450
448
444
475
476
479
481
482
483
484
485
486
487
490
492
493
494
481
483
478
475
474
473
459
470
468
465
495
490
459
489
473
488
485
481
480
475
474
493
472
484
479
497
495
494
493
490
459
484
479
473
492
483
482
481
475
474
498
489
488
480
501
502
503
506
505
504
503
477
494
492
496
491
510
512
513
515
516
518
519
514
512
503
511
509
508
499
521
522
525
522
521
520
510
502
518
474
511
508
507
517
512
505
503
499
515
527
530
531
532
533
535
537
539
534
533
531
529
526
525
524
520
517
507
500
536
523
522
519
502
540
533
531
538
537
536
526
500
535
532
523
519
540
534
529
528
541
547
544
548
549
550
551
552
549
553
554
551
549
548
547
526
543
542
545
544
513
538
555
556
557
563
564
567
569
573
574
575
576
566
565
563
562
561
560
558
556
553
551
544
568
572
577
572
560
575
559
558
571
570
564
546
568
566
562
578
579
581
582
583
585
586
587
588
579
577
551
546
574
568
573
571
564
563
593
594
595
596
597
591
589
588
587
584
581
577
573
571
564
582
570
551
583
576
574
598
599
601
604
605
606
607
601
597
580
596
590
589
588
595
594
603
581
564
592
605
588
577
564
602
600
592
590
603
595
601
609
611
612
611
613
614
616
617
619
620
621
619
617
605
615
614
597
608
609
607
606
604
624
625
628
629
630
632
629
627
626
622
610
621
618
614
607
606
620
615
634
637
638
639
640
641
636
635
634
633
632
621
607
606
623
618
631
642
628
640
622
610
627
620
644
646
647
648
650
644
641
639
630
626
638
635
631
652
653
654
655
656
657
659
660
662
664
658
656
653
650
651
649
647
645
665
663
665
668
669
670
671
672
666
664
669
650
661
653
651
649
643
639
656
673
671
673
674
675
676
680
681
682
679
677
678
674
672
660
641
681
684
665
664
659
656
667
685
684
686
687
688
689
690
693
696
686
687
685
667
674
672
668
665
656
681
680
659
639
679
701
702
704
705
697
695
694
687
688
680
669
683
691
690
706
703
698
695
683
691
709
690
689
702
697
693
688
701
679
699
710
712
714
711
692
697
693
679
704
699
691
706
705
702
701
717
718
719
721
722
723
697
713
692
705
704
708
707
700
725
726
727
731
732
733
734
735
728
717
701
725
724
723
720
721
719
716
736
738
740
741
743
745
746
747
742
741
740
739
738
729
736
735
720
717
730
744
727
749
750
752
753
754
751
750
749
748
747
741
728
753
701
745
740
736
723
742
739
730
757
758
759
761
762
763
764
765
761
723
760
759
750
756
755
715
738
749
766
769
770
771
773
774
771
737
745
767
750
774
776
777
779
780
781
782
783
784
785
783
780
779
771
764
778
787
777
775
773
759
747
788
789
790
791
792
793
794
795
796
798
799
794
791
792
790
787
786
775
772
768
785
784
782
780
779
771
803
805
806
807
801
799
785
784
771
787
777
804
768
797
796
794
792
791
790
804
809
810
811
812
813
810
807
806
814
800
813
804
803
801
799
796
795
794
789
816
820
821
822
824
825
826
827
828
822
819
817
818
816
815
808
802
813
811
829
830
832
833
834
835
836
837
838
839
840
841
845
847
848
849
850
838
836
835
834
831
829
806
827
822
821
818
816
813
802
823
852
853
854
855
848
846
845
836
835
818
839
834
829
843
842
823
857
858
859
860
861
862
863
858
860
857
855
852
830
845
843
860
842
848
844
839
850
860
864
864
866
869
867
866
863
862
840
830
860
829
859
858
857
851
874
875
876
874
873
872
859
870
863
869
866
862
867
865
879
880
881
882
883
884
885
886
887
888
889
890
892
893
895
897
898
891
890
889
888
883
866
885
884
877
878
899
871
900
901
903
904
905
907
901
884
896
894
868
856
891
888
887
886
881
911
912
913
908
907
868
856
912
906
905
897
891
903
887
901
889
883
902
896
894
915
916
918
919
920
921
924
925
926
919
891
915
913
905
903
912
925
902
928
929
908
930
933
932
930
931
905
928
927
935
914
910
909
924
916
891
923
936
939
940
942
943
944
945
946
947
948
949
944
942
938
914
910
934
924
923
922
950
927
951
952
955
957
958
960
961
962
963
964
965
966
967
959
956
954
953
937
951
944
941
940
968
942
972
973
974
975
976
977
979
980
981
917
971
970
969
968
963
962
940
961
951
945
982
978
969
917
976
975
971
968
967
960
970
945
941
973
985
986
987
988
989
991
992
994
995
996
997
998
999
993
990
986
985
988
987
983
982
973
963
961
981
979
976
1000
1001
1002
1003
1006
1003
1002
1000
999
998
996
988
987
982
963
961
993
990
984
1011
1012
1014
1015
1011
1008
1010
1009
1007
997
1000
996
982
981
963
1006
1005
984
1004
1002
999
1016
1017
1018
1020
1021
1024
1022
1025
1023
1022
1017
1019
1018
1025
999
1013
1009
1005
1012
1027
1028
1029
1030
1031
1034
1036
1037
1038
1039
1040
1041
1037
1036
1035
1042
1043
1044
1047
1030
1029
1028
1048
1027
1026
1009
1006
1024
1021
1019
1049
1050
1017
1014
1012
1052
1055
1056
1057
1058
1060
1047
1046
1045
1032
1026
1044
1028
1019
1042
1043
1033
1030
1024
1040
1027
1052
1039
1062
1057
1056
1055
1059
1039
1028
1054
1040
1053
1030
1051
1046
1045
1033
1050
1042
1063
1064
1065
1062
1061
1054
1051
1046
1033
1032
1043
1056
1053
1050
1049
1066
1067
1068
1069
1070
1071
1072
1073
1075
1076
1077
1078
1079
1081
1083
1084
1085
1086
1087
1089
1090
1079
1078
1076
1071
1072
1070
1066
1064
1050
1062
1092
1094
1095
1097
1098
1071
1062
1084
1083
1077
1076
1072
1070
1074
1080
1078
1089
1071
1065
1089
1077
1076
1070
1066
1088
1082
1080
1074
1079
1091
1072
1064
1087
1086
1084
1099
1094
1084
1083
1071
1065
1092
1072
1062
1091
1088
1082
1098
1080
1074
1089
1100
1101
1102
1103
1104
1105
1107
1108
1109
1110
1107
1106
1093
1105
1092
1102
1094
1084
1100
1099
1112
1110
1113
1115
1116
1119
1116
1115
1114
1118
1112
1084
1111
1109
1105
1092
1110
1104
1102
1100
1098
1107
1101
1120
1121
1122
1123
1124
1125
1127
1128
1129
1130
1131
1127
1126
1125
1123
1124
1122
1109
1118
1096
1115
1110
1098
1132
1133
1135
1137
1138
1141
1142
1143
1144
1137
1136
1140
1132
1119
1129
1118
1109
1099
1127
1126
1117
1124
1123
1096
1145
1146
1148
1145
1149
1146
1135
1143
1126
1120
1117
1136
1132
1129
1137
1134
1153
1155
1156
1157
1158
1160
1161
1162
1163
1164
1165
1166
1168
1170
1171
1172
1173
1174
1176
1159
1158
1156
1154
1150
1151
1143
1126
1139
1147
1146
1177
1178
1179
1158
1156
1173
1169
1148
1168
1146
1167
1159
1154
1150
1139
1165
1164
1152
1180
1181
1182
1184
1185
1186
1187
1188
1190
1183
1182
1177
1164
1169
1154
1151
1150
1139
1186
1175
1167
1148
1143
1170
1165
1171
1168
1191
1192
1194
1196
1197
1198
1199
1197
1201
1193
1192
1189
1187
1168
1151
1171
1170
1175
1143
1184
1204
1206
1207
1208
1202
1201
1184
1143
1193
1209
1211
1171
1199
1198
1197
1196
1195
1192
1217
1218
1219
1220
1215
1211
1199
1198
1197
1208
1213
1210
1195
1206
1200
1207
1202
1193
1223
1224
1226
1222
1221
1219
1218
1216
1214
1199
1213
1212
1210
1203
1200
1143
1215
1208
1206
1228
1229
1230
1231
1234
1235
1236
1237
1238
1239
1242
1236
1235
1196
1234
1232
1230
1228
1225
1221
1216
1214
1212
1205
1203
1222
1220
1239
1219
1244
1242
1223
1219
1227
1225
1205
1240
1196
1238
1236
1233
1232
1230
1228
1237
1244
1245
1247
1248
1249
1250
1252
1253
1254
1258
1251
1247
1248
1236
1246
1245
1241
1240
1238
1227
1242
1259
1260
1261
1262
1263
1264
1265
1266
1267
1268
1269
1270
1272
1264
1236
1262
1259
1245
1242
1257
1255
1251
1246
1243
1267
1241
1253
1252
1248
1247
1273
1275
1277
1278
1275
1273
1272
1271
1255
1243
1262
1263
1253
1245
1236
1259
1256
1248
1247
1277
1280
1281
1282
1283
1286
1287
1288
1289
1290
1287
1285
1284
1283
1279
1272
1269
1236
1297
1291
1274
1271
1256
1275
1296
1295
1294
1292
1276
1293
1236
1299
1286
1285
1277
1289
1287
1301
1302
1303
1304
1305
1307
1308
1311
1312
1314
1309
1306
1304
1298
1297
1295
1293
1315
1316
1317
1318
1320
1322
1323
1317
1314
1313
1296
1312
1297
1311
1308
1304
1289
1324
1321
1310
1309
1298
1325
1326
1329
1330
1331
1332
1327
1326
1323
1297
1321
1310
1312
1311
1330
1313
1334
1335
1338
1339
1340
1342
1338
1337
1336
1335
1334
1333
1328
1330
1329
1320
1319
1300
1327
1325
1340
1323
1322
1321
1311
1343
1346
1348
1350
1351
1352
1354
1347
1346
1345
1344
1333
1328
1319
1300
1338
1337
1358
1359
1360
1361
1362
1363
1364
1357
1355
1356
1334
1353
1341
1352
1346
1342
1336
1349
1365
1347
1367
1370
1371
1373
1375
1376
1378
1379
1380
1381
1382
1384
1376
1375
1377
1372
1367
1373
1368
1366
1364
1363
1369
1353
1346
1386
1381
1387
1380
1363
1372
1366
1377
1371
1374
1360
1369
1367
1385
1388
1390
1391
1392
1393
1394
1396
1391
1389
1386
1371
1385
1382
1375
1373
1360
1383
1377
1374
1372
1399
1400
1401
1402
1403
1398
1397
1396
1393
1385
1402
1389
1380
1404
1391
1405
1406
1407
1409
1410
1412
1413
1411
1409
1395
1406
1404
1383
1401
1402
1396
1394
1371
1400
1413
1392
1416
1417
1416
1418
1419
1420
1421
1422
1423
1425
1426
1419
1415
1412
1404
1413
1426
1405
1428
1371
1411
1406
1429
1430
1432
1433
1428
1427
1426
1412
1421
1409
1424
1423
1420
1419
1415
1435
1436
1437
1438
1439
1440
1437
1433
1419
1432
1428
1431
1414
1427
1423
1430
1429
1424
1441
1442
1443
1444
1445
1446
1447
1451
1445
1444
1443
1423
1441
1439
1437
1436
1434
1430
1455
1456
1457
1454
1453
1452
1451
1446
1437
1450
1408
1449
1445
1441
1456
1439
1436
1430
1448
1447
1443
1440
1458
1459
1460
1462
1463
1464
1469
1472
1475
1467
1465
1463
1462
1461
1460
1459
1458
1451
1450
1457
1456
1453
1452
1449
1434
1455
1448
1447
1423
1458
1451
1450
1472
1463
1462
1466
1469
1467
1460
1423
1468
1471
1476
1477
1478
1479
1480
1481
1482
1485
1487
1488
1490
1491
1492
1482
1484
1478
1459
1477
1470
1468
1461
1474
1472
1471
1465
1460
1494
1496
1497
1498
1492
1490
1480
1489
1488
1477
1486
1482
1479
1472
1484
1483
1474
1501
1502
1503
1505
1497
1502
1496
1492
1482
1494
1488
1479
1486
1483
1473
1491
1490
1506
1507
1508
1508
1509
1510
1511
1512
1513
1514
1512
1515
1516
1517
1514
1518
1519
1520
1522
1523
1513
1512
1491
1506
1505
1520
1473
1489
1526
1527
1524
1513
1520
1506
1521
1499
1515
1512
1518
1528
1528
1530
1532
1533
1534
1535
1534
1536
1533
1531
1530
1529
1495
1493
1519
1515
1504
1535
1501
1518
1525
1521
1506
1538
1539
1541
1543
1544
1545
1546
1547
1549
1550
1552
1554
1556
1548
1546
1545
1544
1527
1541
1540
1538
1536
1521
1550
1500
1535
1528
1526
1551
1554
1538
1521
1553
1552
1545
1535
1546
1544
1532
1527
1551
1540
1500
1548
1558
1559
1560
1561
1562
1564
1565
1566
1567
1568
1569
1572
1578
1568
1566
1563
1553
1551
1548
1540
1555
1573
1581
1557
1542
1537
1577
1569
1566
1565
1575
1573
1568
1562
1563
1582
1583
1585
1586
1587
1589
1590
1593
1594
1584
1582
1580
1576
1570
1557
1542
1537
1579
1578
1574
1577
1575
1573
1572
1571
1562
1586
1552
1595
1596
1599
1600
1601
1603
1595
1594
1593
1592
1591
1590
1589
1588
1584
1579
1571
1570
1587
1580
1605
1602
1600
1580
1599
1597
1592
1591
1595
1594
1593
1590
1589
1585
1555
1596
1606
1607
1608
1611
1612
1613
1614
1615
1616
1619
1620
1621
1622
1623
1616
1615
1611
1609
1607
1604
1598
1597
1603
1599
1619
1595
1627
1628
1629
1630
1622
1621
1603
1615
1612
1608
1619
1616
1611
1607
1599
1618
1610
1598
1617
1635
1637
1633
1631
1632
1630
1621
1611
1637
1618
1610
1622
1639
1640
1641
1644
1645
1647
1644
1642
1643
1639
1638
1636
1634
1626
1646
1625
1632
1630
1629
1649
1651
1652
1653
1655
1649
1648
1647
1644
1630
1631
1646
1625
1654
1645
1639
1643
1642
1638
1636
1654
1656
1657
1658
1659
1660
1661
1662
1663
1666
1667
1669
1664
1661
1659
1655
1629
1654
1624
1653
1649
1645
1652
1666
1672
1674
1670
1668
1657
1645
1665
1650
1624
1664
1676
1678
1679
1680
1681
1678
1677
1676
1672
1667
1650
1673
1670
1665
1681
1661
1668
1671
1683
1684
1685
1686
1688
1690
1691
1692
1693
1697
1698
1693
1692
1687
1686
1700
1683
1661
1702
1676
1696
1704
1706
1707
1701
1700
1698
1691
1686
1683
1661
1695
1687
1675
1688
1682
1690
1706
1709
1709
1711
1712
1712
1713
1708
1706
1712
1705
1700
1691
1675
1701
1695
1694
1713
1714
1714
1715
1717
1718
1719
1720
1721
1723
1724
1726
1717
1716
1689
1714
1711
1704
1694
1700
1708
1705
1728
1729
1730
1732
1733
1734
1735
1736
1737
1732
1731
1730
1728
1727
1726
1719
1712
1725
1716
1703
1734
1699
1689
1717
1739
1740
1742
1743
1744
1745
1746
1747
1748
1749
1750
1741
1740
1739
1710
1736
1733
1734
1732
1730
1751
1728
1726
1752
1753
1754
1755
1757
1758
1759
1750
1748
1746
1742
1740
1728
1745
1744
1761
1763
1758
1764
1765
1766
1762
1760
1759
1750
1748
1730
1758
1744
1752
1722
1746
1756
1755
1764
1753
1767
1768
1769
1770
1771
1772
1773
1774
1775
1777
1779
1780
1781
1773
1771
1767
1759
1755
1752
1765
1764
1777
1748
1746
1730
1760
1738
1722
1782
1783
1786
1787
1788
1790
1791
1792
1794
1789
1785
1783
1780
1779
1771
1756
1778
1738
1776
1797
1773
1767
1791
1765
1775
1772
1800
1795
1794
1793
1785
1778
1792
1784
1783
1798
1775
1765
1787
1779
1756
1780
1764
1802
1803
1805
1804
1802
1800
1795
1799
1790
1794
1797
1784
1764
1796
1806
1808
1809
1812
1813
1814
1815
1816
1817
1818
1819
1820
1821
1822
1823
1825
1826
1827
1816
1812
1811
1806
1807
1801
1796
1804
1803
1829
1831
1832
1833
1834
1835
1836
1837
1841
1828
1825
1816
1814
1826
1803
1806
1811
1801
1832
1815
1807
1799
1819
1817
1832
1832
1837
1835
1834
1832
1819
1828
1825
1822
1830
1842
1844
1845
1843
1842
1839
1824
1810
1840
1835
1833
1832
1826
1819
1825
1818
1837
1846
1830
1828
1849
1852
1853
1856
1857
1858
1853
1854
1848
1838
1847
1842
1843
1819
1840
1844
1857
1859
1860
1862
1863
1865
1866
1869
1870
1871
1872
1874
1863
1859
1847
1856
1844
1855
1854
1870
1851
1850
1848
1879
1873
1872
1858
1854
1871
1865
1880
1856
1868
1882
1883
1861
1855
1851
1850
1884
1889
1890
1891
1889
1888
1887
1883
1869
1882
1871
1881
1856
1878
1877
1875
1890
1873
1867
1864
1894
1895
1897
1899
1900
1895
1894
1892
1876
1890
1889
1882
1869
1871
1888
1887
1886
1885
1881
1878
1903
1904
1905
1906
1909
1911
1912
1913
1914
1908
1906
1907
1903
1902
1901
1894
1900
1889
1899
1897
1895
1898
1896
1910
1893
1915
1916
1917
1915
1913
1912
1906
1899
1897
1911
1903
1900
1910
1917
1901
1896
1893
1908
1907
1920
1921
1922
1923
1924
1925
1926
1927
1928
1935
1937
1939
1940
1941
1942
1931
1927
1906
1924
1919
1916
1913
1907
1935
1906
1938
1937
1935
1927
1933
1931
1929
1919
1940
1918
1932
1945
1947
1948
1949
1950
1946
1942
1934
1943
1941
1940
1932
1925
1906
1918
1913
1907
1951
1953
1954
1955
1957
1958
1960
1961
1960
1959
1957
1956
1952
1963
1964
1965
1930
1966
1948
1943
1925
1916
1947
1941
1967
1968
1971
1972
1974
1978
1979
1980
1972
1971
1970
1968
1969
1967
1966
1936
1930
1944
1982
1979
1978
1968
1961
1972
1971
1966
1977
1936
1973
1970
1969
1962
1944
1988
1989
1990
1993
1994
1995
1996
1997
1992
1991
1989
1988
1987
1986
1984
1983
1975
1978
1994
1972
1981
1977
1976
2002
2004
2005
2006
2007
2008
2010
2004
2003
1999
1985
1962
2000
1996
1988
1987
1976
1992
2006
1989
2011
2012
2013
2014
2015
2016
2018
2019
2020
2022
2012
2014
2011
1962
1998
2016
2001
1986
1999
2006
2004
2003
2000
2023
2024
2021
2020
2019
2011
2004
1986
1962
2016
2025
2026
2027
2028
2030
2032
2033
2035
2036
2037
2038
2033
2032
2030
2031
2017
2029
2028
2026
2019
2014
2013
2023
2020
2040
2041
2042
2043
2044
2045
2050
2052
2055
2056
2057
2058
2059
2047
2046
2049
2044
2042
2040
2039
2009
2037
2038
2032
2022
2035
2034
2031
2051
2061
2054
2040
2037
2035
2053
2051
2047
2046
2039
2034
2009
2049
2038
2032
2027
2063
2064
2065
2065
2066
2067
2070
2071
2074
2075
2076
2068
2063
2061
2059
2060
2054
2048
2056
2040
2038
2037
2035
2057
2053
2077
2079
2081
2082
2078
2075
2062
2048
2073
2069
2083
2063
2081
2058
2040
2061
2085
2086
2087
2088
2092
2087
2085
2084
2074
2071
2082
2069
2062
2080
2072
2078
2073
2095
2096
2098
2099
2100
2102
2103
2098
2097
2095
2094
2093
2092
2086
2103
2106
2082
2066
2091
2090
2089
2084
2080
2072
2107
2110
2111
2113
2115
2116
2108
2105
2091
2090
2089
2071
2059
2088
2102
2100
2095
2101
2097
2094
2093
2117
2119
2120
2118
2121
2116
2103
2102
2114
2095
2107
2112
2109
2108
2105
2104
2111
2121
2122
2122
2124
2125
2126
2127
2128
2129
2132
2133
2134
2135
2136
2139
2140
2142
2143
2145
2146
2148
2149
2137
2136
2135
2132
2133
2130
2126
2125
2118
2150
2151
2152
2144
2134
2124
2112
2137
2149
2141
2133
2125
2138
2155
2157
2158
2156
2123
2152
2151
2142
2145
2140
2131
2150
2132
2147
2144
2138
2158
2161
2163
2165
2168
2169
2170
2171
2172
2173
2174
2175
2165
2170
2167
2164
2166
2162
2161
2158
2170
2154
2155
2153
2156
2150
2173
2164
2172
2150
2167
2160
2159
2158
2155
2176
2179
2180
2181
2182
2187
2182
2181
2178
2177
2176
2173
2175
2165
2158
2184
2189
2191
2187
2185
2183
2177
2181
2176
2184
2178
2192
2193
2158
2182
2179
2194
2195
2196
2198
2199
2193
2190
2189
2178
2176
2172
2187
2186
2158
2199
2183
2188
2202
2205
2207
2208
2209
2204
2203
2202
2200
2201
2193
2189
2176
2199
2198
2196
2195
2192
2188
2190
2214
2216
2217
2219
2220
2215
2212
2213
2205
2206
2199
2204
2195
2203
2201
2224
2226
2222
2221
2227
2225
2223
2212
2197
2215
2214
2210
2205
2204
2217
2216
2213
2206
2228
2229
2230
2231
2230
2233
2236
2237
2238
2240
2241
2242
2244
2239
2235
2232
2211
2231
2228
2225
2214
2210
2223
2205
2222
2218
2217
2246
2249
2250
2252
2247
2246
2245
2243
2240
2222
2238
2235
2233
2228
2232
2216
2218
2211
2250
2255
2256
2257
2258
2259
2253
2250
2228
2214
2234
2247
2246
2243
2260
2261
2262
2264
2266
2270
2271
2272
2267
2265
2263
2260
2259
2257
2244
2240
2255
2254
2277
2278
2279
2280
2272
2273
2271
2269
2265
2263
2254
2248
2268
2264
2260
2259
2257
2281
2283
2284
2285
2286
2287
2288
2289
2290
2292
2293
2295
2297
2299
2289
2274
2251
2282
2280
2272
2264
2271
2276
2275
2302
2303
2288
2268
2295
2278
2274
2289
2286
2280
2277
2291
2282
2275
2304
2305
2308
2309
2310
2304
2303
2302
2301
2300
2299
2288
2277
2268
2296
2294
2282
2276
2275
2274
2251
2297
2295
2286
2311
2312
2314
2316
2318
2319
2314
2313
2309
2297
2295
2286
2308
2299
2307
2301
2298
2296
2294
2305
2278
2306
2321
2321
2319
2318
2317
2307
2298
2316
2314
2306
2323
2311
2324
2304
2302
2315
2313
2325
2328
2329
2331
2332
2334
2335
2336
2339
2333
2330
2326
2327
2325
2320
2315
2322
2321
2318
2316
2340
2344
2345
2346
2348
2342
2341
2339
2321
2326
2336
2316
2333
2325
2324
2332
2330
2349
2350
2351
2352
2353
2354
2355
2357
2361
2362
2363
2364
2365
2356
2350
2349
2348
2341
2339
2327
2321
2345
2344
2336
2330
2343
2366
2367
2368
2369
2372
2376
2377
2365
2364
2366
2363
2362
2350
2361
2360
2358
2343
2338
2359
2346
2342
2357
2349
2373
2374
2372
2347
2338
2369
2363
2362
2359
2357
2368
2366
2365
2380
2381
2382
2383
2384
2387
2388
2389
2392
2386
2382
2372
2380
2379
2378
2377
2376
2368
2365
2363
2361
2359
2346
2374
2373
2371
2370
2393
2391
2371
2370
2337
2393
2390
2389
2372
2388
2387
2385
2380
2377
2376
2375
2386
2395
2396
2397
2398
2399
2400
2401
2402
2404
2405
2406
2407
2409
2411
2403
2401
2400
2396
2394
2395
2389
2386
2414
2416
2411
2410
2401
2398
2396
2394
2407
2397
2415
2405
2419
2420
2421
2422
2423
2428
2429
2430
2420
2419
2424
2418
2416
2424
2407
2414
2401
2415
2413
2412
2410
2431
2432
2433
2431
2427
2424
2432
2418
2411
2409
2406
2425
2419
2408
2423
2420
2416
2422
2413
2434
2435
2436
2437
2438
2440
2441
2443
2444
2445
2446
2447
2448
2450
2451
2443
2442
2439
2417
2435
2454
2448
2425
2430
2429
2455
2456
2457
2458
2419
2450
2443
2435
2437
2434
2459
2414
2457
2442
2439
2426
2446
2460
2461
2463
2466
2467
2468
2469
2464
2465
2463
2462
2453
2452
2459
2458
2457
2449
2450
2471
2472
2473
2469
2445
2443
2455
2474
2475
2478
2474
2473
2472
2470
2469
2480
2467
2482
2463
2455
2445
2488
2489
2486
2484
2483
2482
2470
2481
2467
2463
2458
2479
2476
2472
2490
2491
2492
2493
2496
2498
2497
2496
2485
2477
2493
2492
2491
2489
2481
2480
2484
