0
2
1
2
3
4
6
7
5
8
12
13
9
10
11
9
10
11
17
15
14
16
20
18
19
23
21
22
24
25
29
30
27
28
28
26
26
32
34
35
31
33
36
37
40
41
42
39
38
39
38
39
38
43
49
50
45
46
45
47
44
51
48
52
55
56
57
53
53
54
58
59
60
61
61
62
63
64
65
66
67
68
69
70
71
72
73
74
75
77
76
78
80
81
82
83
79
79
79
86
88
89
84
85
85
87
91
92
93
90
96
97
98
94
94
95
94
99
104
105
101
102
103
102
103
100
100
100
100
100
107
110
111
106
108
106
109
112
113
118
119
120
114
117
114
117
114
117
115
116
115
116
122
123
124
121
121
128
130
131
125
125
126
127
129
125
129
133
134
135
132
142
137
138
139
136
136
143
141
140
144
145
147
148
149
150
151
146
146
146
153
155
158
159
152
152
154
156
157
152
156
161
164
160
162
163
168
171
173
165
167
166
169
170
165
167
172
177
178
180
174
175
176
174
175
174
175
179
183
181
188
184
182
185
186
187
189
192
190
191
193
195
196
194
199
198
197
